t s magnitude
  0   1 -1.82279412104492699598
  1   1 -2.14572520284493606368
  2   1 -1.40367866838118371398
  3   1 -1.07883529828960078589
  4   1 -1.18684361519877068503
  5   1 -0.85997140529915871987
  6   1 -0.77639133320094089186
  7   1 0.00000000000000000000
  8   1 0.00000000000000000000
  9   1 0.00000000000000000000
 10   1 0.00000000000000000000
 11   1 0.00000000000000000000
 12   1 0.00000000000000000000
 13   1 0.00000000000000000000
 14   1 0.00000000000000000000
 15   1 0.00000000000000000000
 16   1 0.00000000000000000000
 17   1 0.00000000000000000000
 18   1 0.00000000000000000000
 19   1 0.00000000000000000000
 20   1 0.00000000000000000000
 21   1 0.00000000000000000000
 22   1 0.00000000000000000000
 23   1 0.00000000000000000000
 24   1 0.00000000000000000000
 25   1 0.00000000000000000000
 26   1 0.00000000000000000000
 27   1 0.00000000000000000000
 28   1 0.00000000000000000000
 29   1 0.00000000000000000000
 30   1 0.00000000000000000000
 31   1 0.00000000000000000000
 32   1 0.00000000000000000000
 33   1 0.00000000000000000000
 34   1 0.00000000000000000000
 35   1 0.00000000000000000000
 36   1 0.00000000000000000000
 37   1 0.00000000000000000000
 38   1 0.00000000000000000000
 39   1 0.00000000000000000000
 40   1 0.00000000000000000000
 41   1 0.00000000000000000000
 42   1 0.00000000000000000000
 43   1 0.00000000000000000000
 44   1 0.00000000000000000000
 45   1 0.00000000000000000000
 46   1 0.00000000000000000000
 47   1 0.00000000000000000000
 48   1 0.00000000000000000000
 49   1 0.00000000000000000000
 50   1 0.00000000000000000000
 51   1 0.00000000000000000000
 52   1 0.00000000000000000000
 53   1 0.00000000000000000000
 54   1 0.00000000000000000000
 55   1 0.00000000000000000000
 56   1 0.00000000000000000000
 57   1 0.00000000000000000000
 58   1 0.00000000000000000000
 59   1 0.00000000000000000000
 60   1 0.00000000000000000000
 61   1 0.00000000000000000000
 62   1 0.00000000000000000000
 63   1 0.00000000000000000000
 64   1 0.00000000000000000000
 65   1 0.00000000000000000000
 66   1 0.00000000000000000000
 67   1 0.00000000000000000000
 68   1 0.00000000000000000000
 69   1 0.00000000000000000000
 70   1 0.00000000000000000000
 71   1 0.00000000000000000000
 72   1 0.00000000000000000000
 73   1 0.00000000000000000000
 74   1 0.00000000000000000000
 75   1 0.00000000000000000000
 76   1 0.00000000000000000000
 77   1 0.00000000000000000000
 78   1 0.00000000000000000000
 79   1 0.00000000000000000000
 80   1 0.00000000000000000000
 81   1 0.00000000000000000000
 82   1 0.00000000000000000000
 83   1 0.00000000000000000000
 84   1 0.00000000000000000000
 85   1 0.00000000000000000000
 86   1 0.00000000000000000000
 87   1 0.00000000000000000000
 88   1 0.00000000000000000000
 89   1 0.00000000000000000000
 90   1 0.00000000000000000000
 91   1 0.00000000000000000000
 92   1 0.00000000000000000000
 93   1 0.00000000000000000000
 94   1 0.00000000000000000000
 95   1 0.00000000000000000000
 96   1 0.00000000000000000000
 97   1 0.00000000000000000000
 98   1 0.00000000000000000000
 99   1 0.00000000000000000000
100   1 0.00000000000000000000
  0   2 -4.18451639690243126779
  1   2 -3.87533940538538645981
  2   2 -3.42768465448954140484
  3   2 -2.95785891422440805343
  4   2 -2.98052247347197774019
  5   2 -2.78932150022920444243
  6   2 -2.41572494758855249586
  7   2 -1.84592329803720534009
  8   2 -1.86322290062546791489
  9   2 -1.49908919343439528404
 10   2 -1.12137907107310308419
 11   2 -0.95984937117750790403
 12   2 -0.86925594218670521052
 13   2 -0.60673664966516149821
 14   2 0.00000000000000000000
 15   2 0.00000000000000000000
 16   2 0.00000000000000000000
 17   2 0.00000000000000000000
 18   2 0.00000000000000000000
 19   2 0.00000000000000000000
 20   2 0.00000000000000000000
 21   2 0.00000000000000000000
 22   2 0.00000000000000000000
 23   2 0.00000000000000000000
 24   2 0.00000000000000000000
 25   2 0.00000000000000000000
 26   2 0.00000000000000000000
 27   2 0.00000000000000000000
 28   2 0.00000000000000000000
 29   2 0.00000000000000000000
 30   2 0.00000000000000000000
 31   2 0.00000000000000000000
 32   2 0.00000000000000000000
 33   2 0.00000000000000000000
 34   2 0.00000000000000000000
 35   2 0.00000000000000000000
 36   2 0.00000000000000000000
 37   2 0.00000000000000000000
 38   2 0.00000000000000000000
 39   2 0.00000000000000000000
 40   2 0.00000000000000000000
 41   2 0.00000000000000000000
 42   2 0.00000000000000000000
 43   2 0.00000000000000000000
 44   2 0.00000000000000000000
 45   2 0.00000000000000000000
 46   2 0.00000000000000000000
 47   2 0.00000000000000000000
 48   2 0.00000000000000000000
 49   2 0.00000000000000000000
 50   2 0.00000000000000000000
 51   2 0.00000000000000000000
 52   2 0.00000000000000000000
 53   2 0.00000000000000000000
 54   2 0.00000000000000000000
 55   2 0.00000000000000000000
 56   2 0.00000000000000000000
 57   2 0.00000000000000000000
 58   2 0.00000000000000000000
 59   2 0.00000000000000000000
 60   2 0.00000000000000000000
 61   2 0.00000000000000000000
 62   2 0.00000000000000000000
 63   2 0.00000000000000000000
 64   2 0.00000000000000000000
 65   2 0.00000000000000000000
 66   2 0.00000000000000000000
 67   2 0.00000000000000000000
 68   2 0.00000000000000000000
 69   2 0.00000000000000000000
 70   2 0.00000000000000000000
 71   2 0.00000000000000000000
 72   2 0.00000000000000000000
 73   2 0.00000000000000000000
 74   2 0.00000000000000000000
 75   2 0.00000000000000000000
 76   2 0.00000000000000000000
 77   2 0.00000000000000000000
 78   2 0.00000000000000000000
 79   2 0.00000000000000000000
 80   2 0.00000000000000000000
 81   2 0.00000000000000000000
 82   2 0.00000000000000000000
 83   2 0.00000000000000000000
 84   2 0.00000000000000000000
 85   2 0.00000000000000000000
 86   2 0.00000000000000000000
 87   2 0.00000000000000000000
 88   2 0.00000000000000000000
 89   2 0.00000000000000000000
 90   2 0.00000000000000000000
 91   2 0.00000000000000000000
 92   2 0.00000000000000000000
 93   2 0.00000000000000000000
 94   2 0.00000000000000000000
 95   2 0.00000000000000000000
 96   2 0.00000000000000000000
 97   2 0.00000000000000000000
 98   2 0.00000000000000000000
 99   2 0.00000000000000000000
100   2 0.00000000000000000000
  0   3 -5.90356284290082911070
  1   3 -6.00589143984276407906
  2   3 -5.39988359066971224109
  3   3 -5.01406117165268039315
  4   3 -4.86994535519636606580
  5   3 -5.12275617361410784412
  6   3 -4.30053552590237853082
  7   3 -3.90032846314862879922
  8   3 -3.70996741742236801898
  9   3 -3.42603006405638366161
 10   3 -3.07546688066476203716
 11   3 -2.88382132246160960420
 12   3 -2.56765976783161331554
 13   3 -2.55193198609113203190
 14   3 -1.97016644564473319967
 15   3 -1.63811643538666240616
 16   3 -1.58073397925465175540
 17   3 -1.24862536281569314056
 18   3 -1.56228571628721057962
 19   3 -0.69423956906113093446
 20   3 -0.35777832206451715136
 21   3 0.00000000000000000000
 22   3 0.00000000000000000000
 23   3 0.00000000000000000000
 24   3 0.00000000000000000000
 25   3 0.00000000000000000000
 26   3 0.00000000000000000000
 27   3 0.00000000000000000000
 28   3 0.00000000000000000000
 29   3 0.00000000000000000000
 30   3 0.00000000000000000000
 31   3 0.00000000000000000000
 32   3 0.00000000000000000000
 33   3 0.00000000000000000000
 34   3 0.00000000000000000000
 35   3 0.00000000000000000000
 36   3 0.00000000000000000000
 37   3 0.00000000000000000000
 38   3 0.00000000000000000000
 39   3 0.00000000000000000000
 40   3 0.00000000000000000000
 41   3 0.00000000000000000000
 42   3 0.00000000000000000000
 43   3 0.00000000000000000000
 44   3 0.00000000000000000000
 45   3 0.00000000000000000000
 46   3 0.00000000000000000000
 47   3 0.00000000000000000000
 48   3 0.00000000000000000000
 49   3 0.00000000000000000000
 50   3 0.00000000000000000000
 51   3 0.00000000000000000000
 52   3 0.00000000000000000000
 53   3 0.00000000000000000000
 54   3 0.00000000000000000000
 55   3 0.00000000000000000000
 56   3 0.00000000000000000000
 57   3 0.00000000000000000000
 58   3 0.00000000000000000000
 59   3 0.00000000000000000000
 60   3 0.00000000000000000000
 61   3 0.00000000000000000000
 62   3 0.00000000000000000000
 63   3 0.00000000000000000000
 64   3 0.00000000000000000000
 65   3 0.00000000000000000000
 66   3 0.00000000000000000000
 67   3 0.00000000000000000000
 68   3 0.00000000000000000000
 69   3 0.00000000000000000000
 70   3 0.00000000000000000000
 71   3 0.00000000000000000000
 72   3 0.00000000000000000000
 73   3 0.00000000000000000000
 74   3 0.00000000000000000000
 75   3 0.00000000000000000000
 76   3 0.00000000000000000000
 77   3 0.00000000000000000000
 78   3 0.00000000000000000000
 79   3 0.00000000000000000000
 80   3 0.00000000000000000000
 81   3 0.00000000000000000000
 82   3 0.00000000000000000000
 83   3 0.00000000000000000000
 84   3 0.00000000000000000000
 85   3 0.00000000000000000000
 86   3 0.00000000000000000000
 87   3 0.00000000000000000000
 88   3 0.00000000000000000000
 89   3 0.00000000000000000000
 90   3 0.00000000000000000000
 91   3 0.00000000000000000000
 92   3 0.00000000000000000000
 93   3 0.00000000000000000000
 94   3 0.00000000000000000000
 95   3 0.00000000000000000000
 96   3 0.00000000000000000000
 97   3 0.00000000000000000000
 98   3 0.00000000000000000000
 99   3 0.00000000000000000000
100   3 0.00000000000000000000
  0   4 -7.88931517588027730881
  1   4 -7.94783359658412802418
  2   4 -7.50962058435250146005
  3   4 -7.10985929220365520109
  4   4 -6.87214374970034125312
  5   4 -6.72845268356593084746
  6   4 -6.23317100081522657007
  7   4 -5.85616951208218416980
  8   4 -5.81651491304981327346
  9   4 -5.27964534491406123351
 10   4 -4.89058111912686666045
 11   4 -4.81874730170722198608
 12   4 -4.66857534423880249363
 13   4 -4.57210101600677898404
 14   4 -3.82866261957469689037
 15   4 -3.59655546512369639345
 16   4 -3.55361330147841814053
 17   4 -3.24198911520780796991
 18   4 -3.01142152181088063045
 19   4 -2.60367719064356872849
 20   4 -2.39689801098449262184
 21   4 -2.00395197600390595483
 22   4 -1.95356105556596415518
 23   4 -2.03414705628014358396
 24   4 -0.98066928670416697589
 25   4 -0.78246153605909896100
 26   4 -0.83942631452813565307
 27   4 -0.40948989091286980280
 28   4 0.00000000000000000000
 29   4 0.00000000000000000000
 30   4 0.00000000000000000000
 31   4 0.00000000000000000000
 32   4 0.00000000000000000000
 33   4 0.00000000000000000000
 34   4 0.00000000000000000000
 35   4 0.00000000000000000000
 36   4 0.00000000000000000000
 37   4 0.00000000000000000000
 38   4 0.00000000000000000000
 39   4 0.00000000000000000000
 40   4 0.00000000000000000000
 41   4 0.00000000000000000000
 42   4 0.00000000000000000000
 43   4 0.00000000000000000000
 44   4 0.00000000000000000000
 45   4 0.00000000000000000000
 46   4 0.00000000000000000000
 47   4 0.00000000000000000000
 48   4 0.00000000000000000000
 49   4 0.00000000000000000000
 50   4 0.00000000000000000000
 51   4 0.00000000000000000000
 52   4 0.00000000000000000000
 53   4 0.00000000000000000000
 54   4 0.00000000000000000000
 55   4 0.00000000000000000000
 56   4 0.00000000000000000000
 57   4 0.00000000000000000000
 58   4 0.00000000000000000000
 59   4 0.00000000000000000000
 60   4 0.00000000000000000000
 61   4 0.00000000000000000000
 62   4 0.00000000000000000000
 63   4 0.00000000000000000000
 64   4 0.00000000000000000000
 65   4 0.00000000000000000000
 66   4 0.00000000000000000000
 67   4 0.00000000000000000000
 68   4 0.00000000000000000000
 69   4 0.00000000000000000000
 70   4 0.00000000000000000000
 71   4 0.00000000000000000000
 72   4 0.00000000000000000000
 73   4 0.00000000000000000000
 74   4 0.00000000000000000000
 75   4 0.00000000000000000000
 76   4 0.00000000000000000000
 77   4 0.00000000000000000000
 78   4 0.00000000000000000000
 79   4 0.00000000000000000000
 80   4 0.00000000000000000000
 81   4 0.00000000000000000000
 82   4 0.00000000000000000000
 83   4 0.00000000000000000000
 84   4 0.00000000000000000000
 85   4 0.00000000000000000000
 86   4 0.00000000000000000000
 87   4 0.00000000000000000000
 88   4 0.00000000000000000000
 89   4 0.00000000000000000000
 90   4 0.00000000000000000000
 91   4 0.00000000000000000000
 92   4 0.00000000000000000000
 93   4 0.00000000000000000000
 94   4 0.00000000000000000000
 95   4 0.00000000000000000000
 96   4 0.00000000000000000000
 97   4 0.00000000000000000000
 98   4 0.00000000000000000000
 99   4 0.00000000000000000000
100   4 0.00000000000000000000
  0   5 -10.04844351846177552545
  1   5 -9.85336664121163430252
  2   5 -9.55050491439669535509
  3   5 -9.14665637700174549707
  4   5 -8.85056593211156084067
  5   5 -8.74154259394937760419
  6   5 -8.33852277534237451562
  7   5 -7.98876855763326165771
  8   5 -7.80406521689141552400
  9   5 -7.24054696887819737583
 10   5 -6.87180855620777553128
 11   5 -6.83629871933761101843
 12   5 -6.98549553707428749760
 13   5 -6.33644046763916080067
 14   5 -5.88536359741387826716
 15   5 -5.69688734656785911170
 16   5 -5.38262574131399151867
 17   5 -5.24621889161456156359
 18   5 -4.79472553484055996620
 19   5 -4.44664993558454302303
 20   5 -4.44983718024586227813
 21   5 -3.80740433875177863854
 22   5 -3.96158870768968984777
 23   5 -3.82675742986301736792
 24   5 -2.72126609357855642202
 25   5 -2.83333992636001763543
 26   5 -2.65198687354494699875
 27   5 -2.70595041505984967856
 28   5 -2.22085337159922779904
 29   5 -1.64408749379009488933
 30   5 -1.37619519291119019044
 31   5 -0.99693851199956662335
 32   5 -1.16092773846159880158
 33   5 -0.48191018248586992012
 34   5 -0.95548533952499026256
 35   5 0.00000000000000000000
 36   5 0.00000000000000000000
 37   5 0.00000000000000000000
 38   5 0.00000000000000000000
 39   5 0.00000000000000000000
 40   5 0.00000000000000000000
 41   5 0.00000000000000000000
 42   5 0.00000000000000000000
 43   5 0.00000000000000000000
 44   5 0.00000000000000000000
 45   5 0.00000000000000000000
 46   5 0.00000000000000000000
 47   5 0.00000000000000000000
 48   5 0.00000000000000000000
 49   5 0.00000000000000000000
 50   5 0.00000000000000000000
 51   5 0.00000000000000000000
 52   5 0.00000000000000000000
 53   5 0.00000000000000000000
 54   5 0.00000000000000000000
 55   5 0.00000000000000000000
 56   5 0.00000000000000000000
 57   5 0.00000000000000000000
 58   5 0.00000000000000000000
 59   5 0.00000000000000000000
 60   5 0.00000000000000000000
 61   5 0.00000000000000000000
 62   5 0.00000000000000000000
 63   5 0.00000000000000000000
 64   5 0.00000000000000000000
 65   5 0.00000000000000000000
 66   5 0.00000000000000000000
 67   5 0.00000000000000000000
 68   5 0.00000000000000000000
 69   5 0.00000000000000000000
 70   5 0.00000000000000000000
 71   5 0.00000000000000000000
 72   5 0.00000000000000000000
 73   5 0.00000000000000000000
 74   5 0.00000000000000000000
 75   5 0.00000000000000000000
 76   5 0.00000000000000000000
 77   5 0.00000000000000000000
 78   5 0.00000000000000000000
 79   5 0.00000000000000000000
 80   5 0.00000000000000000000
 81   5 0.00000000000000000000
 82   5 0.00000000000000000000
 83   5 0.00000000000000000000
 84   5 0.00000000000000000000
 85   5 0.00000000000000000000
 86   5 0.00000000000000000000
 87   5 0.00000000000000000000
 88   5 0.00000000000000000000
 89   5 0.00000000000000000000
 90   5 0.00000000000000000000
 91   5 0.00000000000000000000
 92   5 0.00000000000000000000
 93   5 0.00000000000000000000
 94   5 0.00000000000000000000
 95   5 0.00000000000000000000
 96   5 0.00000000000000000000
 97   5 0.00000000000000000000
 98   5 0.00000000000000000000
 99   5 0.00000000000000000000
100   5 0.00000000000000000000
  0   6 -11.91366700222509145135
  1   6 -11.78749118698198294908
  2   6 -11.48722213507698342028
  3   6 -11.15366021217037584279
  4   6 -10.86433569757392092470
  5   6 -10.98387459947930366866
  6   6 -10.19305512645030376007
  7   6 -10.05435307730220095834
  8   6 -9.83896937816940031496
  9   6 -9.23921526042506080501
 10   6 -8.95463285855973012417
 11   6 -8.79280104610665169673
 12   6 -8.65311228749376937230
 13   6 -8.66597148288306051711
 14   6 -7.90772974031532260852
 15   6 -7.67539367578894626831
 16   6 -7.37312085284537044316
 17   6 -7.13149902754109987768
 18   6 -6.80359840796911807814
 19   6 -6.57487806814796016397
 20   6 -6.46032924317214174437
 21   6 -6.07289564769338419126
 22   6 -5.99571990295069756627
 23   6 -5.68000097208979770613
 24   6 -4.85961842766734974930
 25   6 -4.77959562777624213936
 26   6 -4.72252051487659940676
 27   6 -4.63410933278222980647
 28   6 -4.31651573803581278810
 29   6 -3.55086767220544397006
 30   6 -3.18712915823555764661
 31   6 -2.97158599128027489655
 32   6 -2.78990074290838618865
 33   6 -2.69301024912389674881
 34   6 -2.23605049160190993973
 35   6 -1.74695182074832655594
 36   6 -1.79253012885781171093
 37   6 -1.55265111491514717912
 38   6 -1.39235213537959001684
 39   6 -1.05886020445638706633
 40   6 -0.64586201042622048973
 41   6 -0.42958035387059545496
 42   6 0.00000000000000000000
 43   6 0.00000000000000000000
 44   6 0.00000000000000000000
 45   6 0.00000000000000000000
 46   6 0.00000000000000000000
 47   6 0.00000000000000000000
 48   6 0.00000000000000000000
 49   6 0.00000000000000000000
 50   6 0.00000000000000000000
 51   6 0.00000000000000000000
 52   6 0.00000000000000000000
 53   6 0.00000000000000000000
 54   6 0.00000000000000000000
 55   6 0.00000000000000000000
 56   6 0.00000000000000000000
 57   6 0.00000000000000000000
 58   6 0.00000000000000000000
 59   6 0.00000000000000000000
 60   6 0.00000000000000000000
 61   6 0.00000000000000000000
 62   6 0.00000000000000000000
 63   6 0.00000000000000000000
 64   6 0.00000000000000000000
 65   6 0.00000000000000000000
 66   6 0.00000000000000000000
 67   6 0.00000000000000000000
 68   6 0.00000000000000000000
 69   6 0.00000000000000000000
 70   6 0.00000000000000000000
 71   6 0.00000000000000000000
 72   6 0.00000000000000000000
 73   6 0.00000000000000000000
 74   6 0.00000000000000000000
 75   6 0.00000000000000000000
 76   6 0.00000000000000000000
 77   6 0.00000000000000000000
 78   6 0.00000000000000000000
 79   6 0.00000000000000000000
 80   6 0.00000000000000000000
 81   6 0.00000000000000000000
 82   6 0.00000000000000000000
 83   6 0.00000000000000000000
 84   6 0.00000000000000000000
 85   6 0.00000000000000000000
 86   6 0.00000000000000000000
 87   6 0.00000000000000000000
 88   6 0.00000000000000000000
 89   6 0.00000000000000000000
 90   6 0.00000000000000000000
 91   6 0.00000000000000000000
 92   6 0.00000000000000000000
 93   6 0.00000000000000000000
 94   6 0.00000000000000000000
 95   6 0.00000000000000000000
 96   6 0.00000000000000000000
 97   6 0.00000000000000000000
 98   6 0.00000000000000000000
 99   6 0.00000000000000000000
100   6 0.00000000000000000000
  0   7 -14.13231836659037732318
  1   7 -13.96056446360032943232
  2   7 -13.77767707500123250952
  3   7 -13.31667147956255803365
  4   7 -12.90992238660659729987
  5   7 -13.04197966146199938464
  6   7 -12.12289432161846924885
  7   7 -12.04598390981081834639
  8   7 -11.97783824696527332776
  9   7 -11.30725483233282879780
 10   7 -10.97790833688885214769
 11   7 -10.81613397741578275202
 12   7 -10.61826217807814565219
 13   7 -10.50917815538367250383
 14   7 -9.89700175298525586243
 15   7 -9.75419284347389314860
 16   7 -9.36015946629237838295
 17   7 -9.16662755675329243843
 18   7 -8.73204319601238410087
 19   7 -8.56764275271366493314
 20   7 -8.57487533344120755885
 21   7 -8.12591222755477282647
 22   7 -7.96863436227604271522
 23   7 -7.45509617328069928988
 24   7 -6.95448789315750648399
 25   7 -6.89058718092738420324
 26   7 -6.44263892792120351771
 27   7 -6.57580493550403311076
 28   7 -6.08520151644694795579
 29   7 -5.56553576380789927214
 30   7 -5.09876170298785247326
 31   7 -5.05285367159044973562
 32   7 -4.81408174652952247641
 33   7 -4.62831653206975879300
 34   7 -4.06473569510271648397
 35   7 -3.91615285167161930602
 36   7 -3.81832705862942489716
 37   7 -3.32404076842040741013
 38   7 -3.31787996471607993243
 39   7 -3.07403084413451344048
 40   7 -2.46490439904668612314
 41   7 -2.44705504637204684926
 42   7 -1.94686406318004046057
 43   7 -1.83701425147093932999
 44   7 -1.46392614319647851318
 45   7 -1.51333278366586254648
 46   7 -1.04550329228371130519
 47   7 -0.52800876032505772439
 48   7 -0.43632762134145119948
 49   7 0.00000000000000000000
 50   7 0.00000000000000000000
 51   7 0.00000000000000000000
 52   7 0.00000000000000000000
 53   7 0.00000000000000000000
 54   7 0.00000000000000000000
 55   7 0.00000000000000000000
 56   7 0.00000000000000000000
 57   7 0.00000000000000000000
 58   7 0.00000000000000000000
 59   7 0.00000000000000000000
 60   7 0.00000000000000000000
 61   7 0.00000000000000000000
 62   7 0.00000000000000000000
 63   7 0.00000000000000000000
 64   7 0.00000000000000000000
 65   7 0.00000000000000000000
 66   7 0.00000000000000000000
 67   7 0.00000000000000000000
 68   7 0.00000000000000000000
 69   7 0.00000000000000000000
 70   7 0.00000000000000000000
 71   7 0.00000000000000000000
 72   7 0.00000000000000000000
 73   7 0.00000000000000000000
 74   7 0.00000000000000000000
 75   7 0.00000000000000000000
 76   7 0.00000000000000000000
 77   7 0.00000000000000000000
 78   7 0.00000000000000000000
 79   7 0.00000000000000000000
 80   7 0.00000000000000000000
 81   7 0.00000000000000000000
 82   7 0.00000000000000000000
 83   7 0.00000000000000000000
 84   7 0.00000000000000000000
 85   7 0.00000000000000000000
 86   7 0.00000000000000000000
 87   7 0.00000000000000000000
 88   7 0.00000000000000000000
 89   7 0.00000000000000000000
 90   7 0.00000000000000000000
 91   7 0.00000000000000000000
 92   7 0.00000000000000000000
 93   7 0.00000000000000000000
 94   7 0.00000000000000000000
 95   7 0.00000000000000000000
 96   7 0.00000000000000000000
 97   7 0.00000000000000000000
 98   7 0.00000000000000000000
 99   7 0.00000000000000000000
100   7 0.00000000000000000000
  0   8 -16.23860117339746622633
  1   8 -17.28575303224036474603
  2   8 -16.41255991262545776976
  3   8 -15.80089799300648678582
  4   8 -14.93502558684776637676
  5   8 -15.08874928973950524380
  6   8 -14.36831543053480331196
  7   8 -14.08044012931927824184
  8   8 -13.93766882557850017577
  9   8 -13.37678882598401841619
 10   8 -13.08633732900759305551
 11   8 -12.88546562332030376297
 12   8 -12.67946216944334203447
 13   8 -12.60543664373070527063
 14   8 -11.87583972639669660509
 15   8 -11.72070485990859367575
 16   8 -11.42627186320607357572
 17   8 -11.19291326528729513257
 18   8 -10.80370216155200502328
 19   8 -10.68418438560051519914
 20   8 -10.41957447457473051600
 21   8 -10.50412316582536398357
 22   8 -9.95015376995412736960
 23   8 -9.48950896124745923998
 24   8 -8.98852524730592783442
 25   8 -8.93315520050953182363
 26   8 -8.57045477652661169543
 27   8 -8.50176374047116922839
 28   8 -8.00651772639020720135
 29   8 -7.64686193663299107470
 30   8 -7.05262712389671264646
 31   8 -7.12113160433508873837
 32   8 -6.98121728011264419678
 33   8 -6.52393458687017346875
 34   8 -6.13174552450015664107
 35   8 -5.84524328698045536612
 36   8 -5.80250701126806767149
 37   8 -5.38768132055915049961
 38   8 -5.38205407576122851765
 39   8 -4.94340014810674155399
 40   8 -4.33318024717913541366
 41   8 -4.27961516311504297505
 42   8 -4.05198917787601242679
 43   8 -4.18329773065611387750
 44   8 -3.39369173468167373287
 45   8 -3.36205237259830447272
 46   8 -2.75383698972485957412
 47   8 -2.46416862497546107491
 48   8 -2.24202323720835483556
 49   8 -1.96667230517602886763
 50   8 -1.69628345921886047876
 51   8 -1.50006507798947041898
 52   8 -1.11071748099503087026
 53   8 -0.86856240054499389558
 54   8 -1.08016931150344097645
 55   8 -0.62254897823212618224
 56   8 0.00000000000000000000
 57   8 0.00000000000000000000
 58   8 0.00000000000000000000
 59   8 0.00000000000000000000
 60   8 0.00000000000000000000
 61   8 0.00000000000000000000
 62   8 0.00000000000000000000
 63   8 0.00000000000000000000
 64   8 0.00000000000000000000
 65   8 0.00000000000000000000
 66   8 0.00000000000000000000
 67   8 0.00000000000000000000
 68   8 0.00000000000000000000
 69   8 0.00000000000000000000
 70   8 0.00000000000000000000
 71   8 0.00000000000000000000
 72   8 0.00000000000000000000
 73   8 0.00000000000000000000
 74   8 0.00000000000000000000
 75   8 0.00000000000000000000
 76   8 0.00000000000000000000
 77   8 0.00000000000000000000
 78   8 0.00000000000000000000
 79   8 0.00000000000000000000
 80   8 0.00000000000000000000
 81   8 0.00000000000000000000
 82   8 0.00000000000000000000
 83   8 0.00000000000000000000
 84   8 0.00000000000000000000
 85   8 0.00000000000000000000
 86   8 0.00000000000000000000
 87   8 0.00000000000000000000
 88   8 0.00000000000000000000
 89   8 0.00000000000000000000
 90   8 0.00000000000000000000
 91   8 0.00000000000000000000
 92   8 0.00000000000000000000
 93   8 0.00000000000000000000
 94   8 0.00000000000000000000
 95   8 0.00000000000000000000
 96   8 0.00000000000000000000
 97   8 0.00000000000000000000
 98   8 0.00000000000000000000
 99   8 0.00000000000000000000
100   8 0.00000000000000000000
  0   9 -16.23860117339746622633
  1   9 -17.28575303224036474603
  2   9 -16.41255991262545776976
  3   9 -15.27423095416873444208
  4   9 -15.35223085443450408150
  5   9 -15.22302523095006776543
  6   9 -15.93186500043076136990
  7   9 -15.45361031544374519342
  8   9 -15.78788828954193412812
  9   9 -15.38832894528081318697
 10   9 -15.19528477601097904426
 11   9 -15.06815960132896492496
 12   9 -14.94822354613316583993
 13   9 -14.66210534760213413108
 14   9 -13.89458044649944312710
 15   9 -13.73879859708019601783
 16   9 -13.52787594872761189890
 17   9 -13.26643922407411402276
 18   9 -12.85733484308621754622
 19   9 -12.70894346268307728565
 20   9 -12.55265761025730064659
 21   9 -12.30615693910162455893
 22   9 -12.00560952819402515956
 23   9 -11.49391102634598027521
 24   9 -11.07796800069764664443
 25   9 -11.05845689699056322297
 26   9 -10.55910239868805788888
 27   9 -10.51404284254325816050
 28   9 -10.09714844120708221453
 29   9 -9.63887718021662287526
 30   9 -9.08388725810626240786
 31   9 -8.90251040415299144115
 32   9 -8.97961280504606307318
 33   9 -8.63053457794640799250
 34   9 -8.19205668721949642475
 35   9 -7.78415830315378354243
 36   9 -7.84262920973552724035
 37   9 -7.47092481274354724974
 38   9 -7.39513547641290180934
 39   9 -6.86420554864851517607
 40   9 -6.41871785174220210735
 41   9 -6.39290578432737532921
 42   9 -6.05289871943409885091
 43   9 -6.02768429727679055929
 44   9 -5.27745054525696932757
 45   9 -5.40055848636286217612
 46   9 -4.91107236388539103444
 47   9 -4.44886299967571119396
 48   9 -4.22732411899742732686
 49   9 -4.54410281251336467534
 50   9 -3.69415859893473097486
 51   9 -3.35687297782339433283
 52   9 -2.98515687400433327170
 53   9 -3.02146268120324634765
 54   9 -2.87156034316904307246
 55   9 -2.17226429898094330895
 56   9 -1.77111246467513905323
 57   9 -2.08461291253486313835
 58   9 -1.46303283154872931782
 59   9 -1.20093883031184023302
 60   9 -0.92606906598037108669
 61   9 -0.76920235613579857059
 62   9 -0.55120294060923846757
 63   9 0.00000000000000000000
 64   9 0.00000000000000000000
 65   9 0.00000000000000000000
 66   9 0.00000000000000000000
 67   9 0.00000000000000000000
 68   9 0.00000000000000000000
 69   9 0.00000000000000000000
 70   9 0.00000000000000000000
 71   9 0.00000000000000000000
 72   9 0.00000000000000000000
 73   9 0.00000000000000000000
 74   9 0.00000000000000000000
 75   9 0.00000000000000000000
 76   9 0.00000000000000000000
 77   9 0.00000000000000000000
 78   9 0.00000000000000000000
 79   9 0.00000000000000000000
 80   9 0.00000000000000000000
 81   9 0.00000000000000000000
 82   9 0.00000000000000000000
 83   9 0.00000000000000000000
 84   9 0.00000000000000000000
 85   9 0.00000000000000000000
 86   9 0.00000000000000000000
 87   9 0.00000000000000000000
 88   9 0.00000000000000000000
 89   9 0.00000000000000000000
 90   9 0.00000000000000000000
 91   9 0.00000000000000000000
 92   9 0.00000000000000000000
 93   9 0.00000000000000000000
 94   9 0.00000000000000000000
 95   9 0.00000000000000000000
 96   9 0.00000000000000000000
 97   9 0.00000000000000000000
 98   9 0.00000000000000000000
 99   9 0.00000000000000000000
100   9 0.00000000000000000000
  0  10 -16.23860117339746622633
  1  10 -17.28575303224036474603
  2  10 -16.41255991262545776976
  3  10 -15.27423095416873444208
  4  10 -15.35223085443450408150
  5  10 -15.22302523095006776543
  6  10 -15.93186500043076136990
  7  10 -15.45361031544374519342
  8  10 -15.78788828954193412812
  9  10 -16.12284575035412359512
 10  10 -15.43890512482810351003
 11  10 -16.02341952871855923490
 12  10 -15.72072091199133936357
 13  10 -15.78573759737872173048
 14  10 -15.82160677349741817466
 15  10 -15.42002469465558611716
 16  10 -15.83891262823139278737
 17  10 -15.34091528719466168695
 18  10 -14.88777489596027692187
 19  10 -14.86271713999178345489
 20  10 -14.46966595985869830088
 21  10 -14.30265733505367364842
 22  10 -14.02214957507648129820
 23  10 -13.48494282119109044515
 24  10 -13.12127544541043100423
 25  10 -12.97600402572494004971
 26  10 -12.72216843323594304138
 27  10 -12.54404425452564986188
 28  10 -12.21352194024999704425
 29  10 -11.71474262262688270653
 30  10 -11.12387089202988121883
 31  10 -10.95379664915366646483
 32  10 -11.06751101896062827734
 33  10 -10.67118760235453400753
 34  10 -10.28338699090534014147
 35  10 -10.00418876107241494822
 36  10 -9.78681953712111329935
 37  10 -9.46597928585063108642
 38  10 -9.43769907502487370721
 39  10 -8.84618993449144319641
 40  10 -8.41609451986310830307
 41  10 -8.37106565146186909487
 42  10 -7.95136280028643405160
 43  10 -7.95309160299002115835
 44  10 -7.20909898553737882310
 45  10 -7.28424514917255194746
 46  10 -6.94020349231012723124
 47  10 -6.61058442628144327102
 48  10 -6.21901271673140776386
 49  10 -6.42412634476259114535
 50  10 -5.79393013576970794531
 51  10 -5.23246744084390424945
 52  10 -5.04140466000571407790
 53  10 -4.91631460253425611739
 54  10 -4.97550400043263518768
 55  10 -4.16614630722451906308
 56  10 -3.80223799517085447874
 57  10 -4.11609621296639893728
 58  10 -3.44527524492020331692
 59  10 -3.14016892144395987074
 60  10 -3.10826586248562053427
 61  10 -2.48617365625107078486
 62  10 -2.18138404408260289102
 63  10 -2.21123280624844298359
 64  10 -1.49657303230432714436
 65  10 -1.58299464707205883585
 66  10 -1.43209535688683353705
 67  10 -1.02276282819966435333
 68  10 -0.73445109908519012887
 69  10 -0.63695429266090086706
 70  10 0.00000000000000000000
 71  10 0.00000000000000000000
 72  10 0.00000000000000000000
 73  10 0.00000000000000000000
 74  10 0.00000000000000000000
 75  10 0.00000000000000000000
 76  10 0.00000000000000000000
 77  10 0.00000000000000000000
 78  10 0.00000000000000000000
 79  10 0.00000000000000000000
 80  10 0.00000000000000000000
 81  10 0.00000000000000000000
 82  10 0.00000000000000000000
 83  10 0.00000000000000000000
 84  10 0.00000000000000000000
 85  10 0.00000000000000000000
 86  10 0.00000000000000000000
 87  10 0.00000000000000000000
 88  10 0.00000000000000000000
 89  10 0.00000000000000000000
 90  10 0.00000000000000000000
 91  10 0.00000000000000000000
 92  10 0.00000000000000000000
 93  10 0.00000000000000000000
 94  10 0.00000000000000000000
 95  10 0.00000000000000000000
 96  10 0.00000000000000000000
 97  10 0.00000000000000000000
 98  10 0.00000000000000000000
 99  10 0.00000000000000000000
100  10 0.00000000000000000000
  0  11 -16.23860117339746622633
  1  11 -17.28575303224036474603
  2  11 -16.41255991262545776976
  3  11 -15.27423095416873444208
  4  11 -15.35223085443450408150
  5  11 -15.22302523095006776543
  6  11 -15.93186500043076136990
  7  11 -15.45361031544374519342
  8  11 -15.78788828954193412812
  9  11 -16.12284575035412359512
 10  11 -15.43890512482810351003
 11  11 -16.02341952871855923490
 12  11 -15.72072091199133936357
 13  11 -15.78573759737872173048
 14  11 -15.82160677349741817466
 15  11 -15.42002469465558611716
 16  11 -15.95187417828346454485
 17  11 -15.34091528719466168695
 18  11 -16.29061478816972652339
 19  11 -16.33443275374085956742
 20  11 -15.52415793444839486881
 21  11 -15.79495206774309146169
 22  11 -16.59949173762317187197
 23  11 -15.53984902735886386438
 24  11 -15.24684227821300908090
 25  11 -14.85158169274222217382
 26  11 -14.62726492358047991615
 27  11 -14.66580524725524092844
 28  11 -14.17615412560818022314
 29  11 -13.77372419765400834990
 30  11 -13.19689763166347162837
 31  11 -13.04410674448551610283
 32  11 -13.14205894481834313581
 33  11 -12.80855020472127314690
 34  11 -12.18206165411465136117
 35  11 -12.08740732634378112209
 36  11 -11.97314378174162108337
 37  11 -11.47010873552180854062
 38  11 -11.42277882279388556697
 39  11 -10.85503495733174261773
 40  11 -10.51242376020013580273
 41  11 -10.41888457390229838495
 42  11 -10.10423174298176363095
 43  11 -10.14051419661074504575
 44  11 -9.21903559342139544697
 45  11 -9.23596342576793816193
 46  11 -8.77823558185452945679
 47  11 -8.77643798224978688438
 48  11 -8.34707069211253482877
 49  11 -8.19211453443420367648
 50  11 -7.84450201743792341347
 51  11 -7.22542401517360310947
 52  11 -7.06080846914071269538
 53  11 -6.90082973748781558498
 54  11 -6.68450510270014586212
 55  11 -6.25476544483588270396
 56  11 -5.95663639675993028533
 57  11 -6.31336217114096065472
 58  11 -5.44351369399954077011
 59  11 -5.07780309237031524106
 60  11 -5.07145171073968281661
 61  11 -4.60990384976785794180
 62  11 -4.20162098789491533779
 63  11 -4.12854774720049721992
 64  11 -3.61040861464973117378
 65  11 -3.45410850891294796128
 66  11 -3.24716930006620030369
 67  11 -2.82273647499839963615
 68  11 -2.64486797941338336315
 69  11 -2.53826650194830349960
 70  11 -2.04013453903937858058
 71  11 -2.06099716948459388277
 72  11 -1.70040795021491697447
 73  11 -1.32616238579790146623
 74  11 -1.30777174211655733416
 75  11 -0.87702796667626903293
 76  11 -0.62147901696305229979
 77  11 0.00000000000000000000
 78  11 0.00000000000000000000
 79  11 0.00000000000000000000
 80  11 0.00000000000000000000
 81  11 0.00000000000000000000
 82  11 0.00000000000000000000
 83  11 0.00000000000000000000
 84  11 0.00000000000000000000
 85  11 0.00000000000000000000
 86  11 0.00000000000000000000
 87  11 0.00000000000000000000
 88  11 0.00000000000000000000
 89  11 0.00000000000000000000
 90  11 0.00000000000000000000
 91  11 0.00000000000000000000
 92  11 0.00000000000000000000
 93  11 0.00000000000000000000
 94  11 0.00000000000000000000
 95  11 0.00000000000000000000
 96  11 0.00000000000000000000
 97  11 0.00000000000000000000
 98  11 0.00000000000000000000
 99  11 0.00000000000000000000
100  11 0.00000000000000000000
  0  12 -16.23860117339746622633
  1  12 -17.28575303224036474603
  2  12 -16.41255991262545776976
  3  12 -15.27423095416873444208
  4  12 -15.35223085443450408150
  5  12 -15.22302523095006776543
  6  12 -15.93186500043076136990
  7  12 -15.45361031544374519342
  8  12 -15.78788828954193412812
  9  12 -16.12284575035412359512
 10  12 -15.43890512482810351003
 11  12 -16.02341952871855923490
 12  12 -15.72072091199133936357
 13  12 -15.78573759737872173048
 14  12 -15.82160677349741817466
 15  12 -15.42002469465558611716
 16  12 -15.95187417828346454485
 17  12 -15.34091528719466168695
 18  12 -16.29061478816972652339
 19  12 -16.33443275374085956742
 20  12 -15.52415793444839486881
 21  12 -15.79495206774309146169
 22  12 -16.59949173762317187197
 23  12 -15.53984902735886386438
 24  12 -15.78006424462734713643
 25  12 -15.10554279116560749685
 26  12 -16.22457427354964920596
 27  12 -15.81021244301773265306
 28  12 -16.20256033903065784330
 29  12 -16.00073147016859209657
 30  12 -15.03397857249216507114
 31  12 -14.97171599689789012189
 32  12 -15.11065700036413872454
 33  12 -14.80075190458592793163
 34  12 -14.32385374861805615865
 35  12 -14.14381050527735972366
 36  12 -13.98777147164392609113
 37  12 -13.49133876997768766159
 38  12 -13.41689832186803776892
 39  12 -12.95892037564843946029
 40  12 -12.51327507839185670946
 41  12 -12.42707664707210923893
 42  12 -12.25168680330036785620
 43  12 -12.09622541721858723918
 44  12 -11.28225459330097990573
 45  12 -11.28677616217327539516
 46  12 -10.87253466238434107538
 47  12 -10.66351197847694720622
 48  12 -10.43019010936474266771
 49  12 -10.35514866529840105613
 50  12 -9.85946727866053862499
 51  12 -9.34084604540869101186
 52  12 -9.02933079426230555953
 53  12 -8.93021103917430281172
 54  12 -8.79161404546768388002
 55  12 -8.22458183623727023814
 56  12 -8.00112198539922658824
 57  12 -8.29042961014566870404
 58  12 -7.53631324780541778097
 59  12 -7.00771997589038964094
 60  12 -6.91673478279283582282
 61  12 -6.48999039290602475205
 62  12 -6.32993068041676654190
 63  12 -5.95410407025674359716
 64  12 -5.82693365688494324672
 65  12 -5.42593095348813836409
 66  12 -5.25065668356903181291
 67  12 -4.82819729077762627156
 68  12 -4.46435157695489959195
 69  12 -4.31495990636362325432
 70  12 -4.06337753615491070747
 71  12 -3.96040179434971939543
 72  12 -3.68073059624476117691
 73  12 -3.28711207983952480305
 74  12 -3.00871585573045186024
 75  12 -2.76786643367602813726
 76  12 -2.53375039821109160343
 77  12 -2.21932244127569067160
 78  12 -1.79355428852935250283
 79  12 -1.41105116313065948042
 80  12 -1.33903711956998328070
 81  12 -1.16676302258161124215
 82  12 -0.82870403936329450900
 83  12 -0.49779184825442479578
 84  12 0.00000000000000000000
 85  12 0.00000000000000000000
 86  12 0.00000000000000000000
 87  12 0.00000000000000000000
 88  12 0.00000000000000000000
 89  12 0.00000000000000000000
 90  12 0.00000000000000000000
 91  12 0.00000000000000000000
 92  12 0.00000000000000000000
 93  12 0.00000000000000000000
 94  12 0.00000000000000000000
 95  12 0.00000000000000000000
 96  12 0.00000000000000000000
 97  12 0.00000000000000000000
 98  12 0.00000000000000000000
 99  12 0.00000000000000000000
100  12 0.00000000000000000000
  0  13 -16.23860117339746622633
  1  13 -17.28575303224036474603
  2  13 -16.41255991262545776976
  3  13 -15.27423095416873444208
  4  13 -15.35223085443450408150
  5  13 -15.22302523095006776543
  6  13 -15.93186500043076136990
  7  13 -15.45361031544374519342
  8  13 -15.78788828954193412812
  9  13 -16.12284575035412359512
 10  13 -15.43890512482810351003
 11  13 -16.02341952871855923490
 12  13 -15.72072091199133936357
 13  13 -15.78573759737872173048
 14  13 -15.82160677349741817466
 15  13 -15.42002469465558611716
 16  13 -15.95187417828346454485
 17  13 -15.34091528719466168695
 18  13 -16.29061478816972652339
 19  13 -16.33443275374085956742
 20  13 -15.52415793444839486881
 21  13 -15.79495206774309146169
 22  13 -16.59949173762317187197
 23  13 -15.53984902735886386438
 24  13 -15.78006424462734713643
 25  13 -15.10554279116560749685
 26  13 -16.22457427354964920596
 27  13 -15.81021244301773265306
 28  13 -16.20256033903065784330
 29  13 -16.00073147016859209657
 30  13 -15.13724512649962861133
 31  13 -15.28433777807380167246
 32  13 -15.44764813523385704741
 33  13 -16.65360575507038731757
 34  13 -15.93326682022861717769
 35  13 -15.72191358531116023300
 36  13 -15.57559074547083177720
 37  13 -15.42347060828124405418
 38  13 -15.39895824964987269823
 39  13 -14.93062446792364461601
 40  13 -14.58066707187834154524
 41  13 -14.57007706530412605161
 42  13 -14.26307351701941605882
 43  13 -14.10617422370631857120
 44  13 -13.35489187528967391927
 45  13 -13.24830760554597652856
 46  13 -12.92100059949828683159
 47  13 -12.80746671058836128054
 48  13 -12.52782771252898008640
 49  13 -12.38759567270680328477
 50  13 -11.90347671918832439530
 51  13 -11.45787557537394540930
 52  13 -11.04767113426557045841
 53  13 -10.88412776013609928327
 54  13 -10.77566514546198206403
 55  13 -10.21372995580891540612
 56  13 -9.94225075945195690963
 57  13 -10.28995043372918516411
 58  13 -9.42049153236230552011
 59  13 -9.00502056223386304623
 60  13 -9.08033506400838241746
 61  13 -8.53545336690757316944
 62  13 -8.34556353818305218795
 63  13 -7.85246194522562124263
 64  13 -7.68016608079720786151
 65  13 -7.50471166135578382494
 66  13 -7.10956156194279120797
 67  13 -6.85365639058698139507
 68  13 -6.50917194518518726909
 69  13 -6.17016023453591877512
 70  13 -5.90966032295602694546
 71  13 -5.88572747398143558684
 72  13 -5.73943010435615796894
 73  13 -5.08364698995565866824
 74  13 -4.91377510017875795967
 75  13 -4.57982394026844996660
 76  13 -4.92204516124581559211
 77  13 -4.10113617814149744589
 78  13 -3.74018946394089057961
 79  13 -3.43937248239294346419
 80  13 -3.33862205296190461823
 81  13 -2.80514667963032993114
 82  13 -2.43187604904395904271
 83  13 -2.22076170143245743560
 84  13 -2.14110960584102283377
 85  13 -1.79138669655620885734
 86  13 -1.73960931905370186357
 87  13 -1.39683707015064517698
 88  13 -1.00122248092655952156
 89  13 -0.75547832892832156304
 90  13 -0.44356743502037987437
 91  13 0.00000000000000000000
 92  13 0.00000000000000000000
 93  13 0.00000000000000000000
 94  13 0.00000000000000000000
 95  13 0.00000000000000000000
 96  13 0.00000000000000000000
 97  13 0.00000000000000000000
 98  13 0.00000000000000000000
 99  13 0.00000000000000000000
100  13 0.00000000000000000000
  0  14 -16.23860117339746622633
  1  14 -17.28575303224036474603
  2  14 -16.41255991262545776976
  3  14 -15.27423095416873444208
  4  14 -15.35223085443450408150
  5  14 -15.22302523095006776543
  6  14 -15.93186500043076136990
  7  14 -15.45361031544374519342
  8  14 -15.78788828954193412812
  9  14 -16.12284575035412359512
 10  14 -15.43890512482810351003
 11  14 -16.02341952871855923490
 12  14 -15.72072091199133936357
 13  14 -15.78573759737872173048
 14  14 -15.82160677349741817466
 15  14 -15.42002469465558611716
 16  14 -15.95187417828346454485
 17  14 -15.34091528719466168695
 18  14 -16.29061478816972652339
 19  14 -16.33443275374085956742
 20  14 -15.52415793444839486881
 21  14 -15.79495206774309146169
 22  14 -16.59949173762317187197
 23  14 -15.53984902735886386438
 24  14 -15.78006424462734713643
 25  14 -15.10554279116560749685
 26  14 -16.22457427354964920596
 27  14 -15.81021244301773265306
 28  14 -16.20256033903065784330
 29  14 -16.00073147016859209657
 30  14 -15.13724512649962861133
 31  14 -15.28433777807380167246
 32  14 -15.44764813523385704741
 33  14 -16.65360575507038731757
 34  14 -15.93326682022861717769
 35  14 -15.72191358531116023300
 36  14 -15.57559074547083177720
 37  14 -15.42347060828124405418
 38  14 -15.39895824964987269823
 39  14 -15.75565935514606330514
 40  14 -16.24835332225838513409
 41  14 -15.40528009939515463600
 42  14 -15.51452723679996381634
 43  14 -15.66759674236366350897
 44  14 -16.88477214010438842706
 45  14 -15.26235199621551785754
 46  14 -14.98178578305032893070
 47  14 -14.93657055639596009655
 48  14 -14.43595241086991798340
 49  14 -14.36276608859390968576
 50  14 -13.96481291130725210792
 51  14 -13.46064648343194214419
 52  14 -13.20761914978606377247
 53  14 -12.99128563955397730467
 54  14 -12.84680612569431623626
 55  14 -12.22396594828375704367
 56  14 -12.06317692635897032005
 57  14 -12.28824189182346060534
 58  14 -11.41635396992551321205
 59  14 -11.05913041147071851356
 60  14 -11.09366803244960308916
 61  14 -10.55466162933926277390
 62  14 -10.42555713177899967548
 63  14 -9.82596802630667021106
 64  14 -9.79951520648777396616
 65  14 -9.50928059694528293733
 66  14 -9.21025779509846209692
 67  14 -8.83234922220632512335
 68  14 -8.39485096050722212624
 69  14 -8.19138907529743498515
 70  14 -8.07104984980059647626
 71  14 -7.76291774561181835423
 72  14 -7.75413845835674830909
 73  14 -7.16894155304077695945
 74  14 -6.90747506838583014144
 75  14 -6.74064484131197971806
 76  14 -6.75724889344516377321
 77  14 -5.89345363771981478607
 78  14 -5.78159377862117640490
 79  14 -5.39253926330369903752
 80  14 -5.16900772367063243706
 81  14 -4.63785873809008819535
 82  14 -4.44931085421250571699
 83  14 -4.18082320076676516862
 84  14 -4.07047900178875643462
 85  14 -3.60513928462068511394
 86  14 -3.59785829420256764166
 87  14 -3.28135423494729350224
 88  14 -2.77236779601639771187
 89  14 -2.73931954652572784426
 90  14 -2.41037762465077065599
 91  14 -1.84402875092698192994
 92  14 -1.74104216638338793466
 93  14 -1.43676242038872881146
 94  14 -1.14127386089356286369
 95  14 -1.02297713580670279754
 96  14 -0.59699830396207986816
 97  14 -0.40344151134284500504
 98  14 0.00000000000000000000
 99  14 0.00000000000000000000
100  14 0.00000000000000000000
  0  15 -16.23860117339746622633
  1  15 -17.28575303224036474603
  2  15 -16.41255991262545776976
  3  15 -15.27423095416873444208
  4  15 -15.35223085443450408150
  5  15 -15.22302523095006776543
  6  15 -15.93186500043076136990
  7  15 -15.45361031544374519342
  8  15 -15.78788828954193412812
  9  15 -16.12284575035412359512
 10  15 -15.43890512482810351003
 11  15 -16.02341952871855923490
 12  15 -15.72072091199133936357
 13  15 -15.78573759737872173048
 14  15 -15.82160677349741817466
 15  15 -15.42002469465558611716
 16  15 -15.95187417828346454485
 17  15 -15.34091528719466168695
 18  15 -16.29061478816972652339
 19  15 -16.33443275374085956742
 20  15 -15.52415793444839486881
 21  15 -15.79495206774309146169
 22  15 -16.59949173762317187197
 23  15 -15.53984902735886386438
 24  15 -15.78006424462734713643
 25  15 -15.10554279116560749685
 26  15 -16.22457427354964920596
 27  15 -15.81021244301773265306
 28  15 -16.20256033903065784330
 29  15 -16.00073147016859209657
 30  15 -15.13724512649962861133
 31  15 -15.28433777807380167246
 32  15 -15.44764813523385704741
 33  15 -16.65360575507038731757
 34  15 -15.93326682022861717769
 35  15 -15.72191358531116023300
 36  15 -15.57559074547083177720
 37  15 -15.42347060828124405418
 38  15 -15.39895824964987269823
 39  15 -15.75565935514606330514
 40  15 -16.24835332225838513409
 41  15 -15.40528009939515463600
 42  15 -15.51452723679996381634
 43  15 -15.66759674236366350897
 44  15 -16.88477214010438842706
 45  15 -15.50027452002585448554
 46  15 -15.83494080533083803175
 47  15 -16.33343712568579420008
 48  15 -15.15130124619363094496
 49  15 -15.60105736287346900326
 50  15 -15.78288933574710917185
 51  15 -17.18619802126184836766
 52  15 -15.51371753727754665420
 53  15 -15.04967204623031662436
 54  15 -14.88186997052376447925
 55  15 -14.29810921396219747237
 56  15 -14.13236568341078935873
 57  15 -14.30867672469819140701
 58  15 -13.49735522818531130440
 59  15 -13.12470229133015031664
 60  15 -13.04798740746831420267
 61  15 -12.64244472282993214662
 62  15 -12.43901281960405391658
 63  15 -11.82900052195624063245
 64  15 -11.71331569953298235021
 65  15 -11.62626243451353680314
 66  15 -11.26177117901103308384
 67  15 -10.89552500400549561732
 68  15 -10.42965953923329180952
 69  15 -10.11964821796553692934
 70  15 -10.08243388364941850455
 71  15 -10.02212522147457107735
 72  15 -9.72080838866169116841
 73  15 -9.14327568816331925916
 74  15 -8.88852726352846644886
 75  15 -8.52759890047221702503
 76  15 -8.50425051474212700953
 77  15 -8.12050420524704641423
 78  15 -7.76343698624803923991
 79  15 -7.48866727361867923207
 80  15 -7.19675685852503921325
 81  15 -6.71420844750602530127
 82  15 -6.51815077486946226060
 83  15 -6.34177926670201941306
 84  15 -5.97409835073236550329
 85  15 -5.54597323551629450833
 86  15 -5.64422211392120409812
 87  15 -5.16869008245138772395
 88  15 -4.76850458285662437419
 89  15 -4.77873917596299691013
 90  15 -4.60951614426058320362
 91  15 -3.92050816151901271311
 92  15 -3.70912640633360490838
 93  15 -3.18604113659860566088
 94  15 -2.90859368054495304179
 95  15 -2.88576383426533533694
 96  15 -2.52241096188169366954
 97  15 -2.55713086376173093228
 98  15 -1.92679676432594515489
 99  15 -2.07393263746843592443
100  15 -1.45529022384027162396
  0  16 -16.23860117339746622633
  1  16 -17.28575303224036474603
  2  16 -16.41255991262545776976
  3  16 -15.27423095416873444208
  4  16 -15.35223085443450408150
  5  16 -15.22302523095006776543
  6  16 -15.93186500043076136990
  7  16 -15.45361031544374519342
  8  16 -15.78788828954193412812
  9  16 -16.12284575035412359512
 10  16 -15.43890512482810351003
 11  16 -16.02341952871855923490
 12  16 -15.72072091199133936357
 13  16 -15.78573759737872173048
 14  16 -15.82160677349741817466
 15  16 -15.42002469465558611716
 16  16 -15.95187417828346454485
 17  16 -15.34091528719466168695
 18  16 -16.29061478816972652339
 19  16 -16.33443275374085956742
 20  16 -15.52415793444839486881
 21  16 -15.79495206774309146169
 22  16 -16.59949173762317187197
 23  16 -15.53984902735886386438
 24  16 -15.78006424462734713643
 25  16 -15.10554279116560749685
 26  16 -16.22457427354964920596
 27  16 -15.81021244301773265306
 28  16 -16.20256033903065784330
 29  16 -16.00073147016859209657
 30  16 -15.13724512649962861133
 31  16 -15.28433777807380167246
 32  16 -15.44764813523385704741
 33  16 -16.65360575507038731757
 34  16 -15.93326682022861717769
 35  16 -15.72191358531116023300
 36  16 -15.57559074547083177720
 37  16 -15.42347060828124405418
 38  16 -15.39895824964987269823
 39  16 -15.75565935514606330514
 40  16 -16.24835332225838513409
 41  16 -15.40528009939515463600
 42  16 -15.51452723679996381634
 43  16 -15.66759674236366350897
 44  16 -16.88477214010438842706
 45  16 -15.50027452002585448554
 46  16 -15.83494080533083803175
 47  16 -16.33343712568579420008
 48  16 -15.15130124619363094496
 49  16 -15.60105736287346900326
 50  16 -15.78288933574710917185
 51  16 -17.18619802126184836766
 52  16 -17.75859722870136891970
 53  16 -15.55441846693379304156
 54  16 -15.84376604878650240948
 55  16 -16.43094082787996157435
 56  16 -15.46853952671074416969
 57  16 -15.59176308793235499195
 58  16 -16.58314368557050499930
 59  16 -15.37870209556626122094
 60  16 -15.14768766521822662696
 61  16 -14.86204615288348307445
 62  16 -14.38262647092284751693
 63  16 -13.91133559674748099155
 64  16 -13.68143209979682950461
 65  16 -13.65100793331138895326
 66  16 -13.27519386218206953743
 67  16 -12.89351364086187956559
 68  16 -12.43956861971531502320
 69  16 -12.17584725785232713235
 70  16 -12.09128107409321550847
 71  16 -11.89825119461969471502
 72  16 -11.88867645473774103948
 73  16 -11.08721567542384178751
 74  16 -10.86071002286127296088
 75  16 -10.61015044704853416135
 76  16 -10.45750882364436940009
 77  16 -9.84504525312476985732
 78  16 -9.74449911437286608873
 79  16 -9.40560386255966740521
 80  16 -9.07502570879371539547
 81  16 -8.77990197714445130828
 82  16 -8.52414618798246337406
 83  16 -8.52315199505977538763
 84  16 -7.98686406544062865720
 85  16 -7.68533486534367682452
 86  16 -7.56183057318549156633
 87  16 -7.12265179956133209771
 88  16 -6.74858884879289533387
 89  16 -6.87941467373449455636
 90  16 -6.66633462379567998113
 91  16 -5.91181862166985361284
 92  16 -5.60525826744760014009
 93  16 -5.31854242790114550843
 94  16 -4.92964458931965143762
 95  16 -5.23711941022053650840
 96  16 -4.52582737827686720777
 97  16 -4.43632039544179601620
 98  16 -3.77653303799140127595
 99  16 -3.80898193694519893171
100  16 -3.13233189685733259822
  0  17 -16.23860117339746622633
  1  17 -17.28575303224036474603
  2  17 -16.41255991262545776976
  3  17 -15.27423095416873444208
  4  17 -15.35223085443450408150
  5  17 -15.22302523095006776543
  6  17 -15.93186500043076136990
  7  17 -15.45361031544374519342
  8  17 -15.78788828954193412812
  9  17 -16.12284575035412359512
 10  17 -15.43890512482810351003
 11  17 -16.02341952871855923490
 12  17 -15.72072091199133936357
 13  17 -15.78573759737872173048
 14  17 -15.82160677349741817466
 15  17 -15.42002469465558611716
 16  17 -15.95187417828346454485
 17  17 -15.34091528719466168695
 18  17 -16.29061478816972652339
 19  17 -16.33443275374085956742
 20  17 -15.52415793444839486881
 21  17 -15.79495206774309146169
 22  17 -16.59949173762317187197
 23  17 -15.53984902735886386438
 24  17 -15.78006424462734713643
 25  17 -15.10554279116560749685
 26  17 -16.22457427354964920596
 27  17 -15.81021244301773265306
 28  17 -16.20256033903065784330
 29  17 -16.00073147016859209657
 30  17 -15.13724512649962861133
 31  17 -15.28433777807380167246
 32  17 -15.44764813523385704741
 33  17 -16.65360575507038731757
 34  17 -15.93326682022861717769
 35  17 -15.72191358531116023300
 36  17 -15.57559074547083177720
 37  17 -15.42347060828124405418
 38  17 -15.39895824964987269823
 39  17 -15.75565935514606330514
 40  17 -16.24835332225838513409
 41  17 -15.40528009939515463600
 42  17 -15.51452723679996381634
 43  17 -15.66759674236366350897
 44  17 -16.88477214010438842706
 45  17 -15.50027452002585448554
 46  17 -15.83494080533083803175
 47  17 -16.33343712568579420008
 48  17 -15.15130124619363094496
 49  17 -15.60105736287346900326
 50  17 -15.78288933574710917185
 51  17 -17.18619802126184836766
 52  17 -17.75859722870136891970
 53  17 -15.55441846693379304156
 54  17 -15.84376604878650240948
 55  17 -16.43094082787996157435
 56  17 -15.46853952671074416969
 57  17 -15.59176308793235499195
 58  17 -16.58314368557050499930
 59  17 -16.15856077755933384310
 60  17 -15.27846289325997020114
 61  17 -15.12121124520793458146
 62  17 -15.34859450076983122813
 63  17 -15.33150890454003167918
 64  17 -15.51168635255364058878
 65  17 -15.20727703013926124243
 66  17 -15.90404566858397217288
 67  17 -14.92636102199194070295
 68  17 -14.56946539537010743004
 69  17 -14.25725579986819724354
 70  17 -14.03741415535918157786
 71  17 -14.01004565207504448665
 72  17 -13.85234341594283691279
 73  17 -13.06582567974551700729
 74  17 -12.99566994371885186865
 75  17 -12.61666112007051587796
 76  17 -12.55290706094025843242
 77  17 -12.15430157347163664383
 78  17 -11.82503490761869713310
 79  17 -11.50388456944627080247
 80  17 -11.19559953552731812465
 81  17 -10.76029994770228626066
 82  17 -10.54989030787930914812
 83  17 -10.42548738066116165157
 84  17 -10.09574986163818977047
 85  17 -9.71025748696265189608
 86  17 -9.58731893618166353122
 87  17 -9.26653204403347885432
 88  17 -8.73348371313757354528
 89  17 -8.91013118284067395791
 90  17 -8.59192709210271665654
 91  17 -8.00145355465233620862
 92  17 -7.54100281239848424519
 93  17 -7.29416869124389410928
 94  17 -6.98842852325021812732
 95  17 -7.02975533667296037521
 96  17 -6.56781925101614660889
 97  17 -6.37758269625921148105
 98  17 -6.05997749233238192090
 99  17 -5.85789355149969370729
100  17 -5.09240673168357371736
  0  18 -16.23860117339746622633
  1  18 -17.28575303224036474603
  2  18 -16.41255991262545776976
  3  18 -15.27423095416873444208
  4  18 -15.35223085443450408150
  5  18 -15.22302523095006776543
  6  18 -15.93186500043076136990
  7  18 -15.45361031544374519342
  8  18 -15.78788828954193412812
  9  18 -16.12284575035412359512
 10  18 -15.43890512482810351003
 11  18 -16.02341952871855923490
 12  18 -15.72072091199133936357
 13  18 -15.78573759737872173048
 14  18 -15.82160677349741817466
 15  18 -15.42002469465558611716
 16  18 -15.95187417828346454485
 17  18 -15.34091528719466168695
 18  18 -16.29061478816972652339
 19  18 -16.33443275374085956742
 20  18 -15.52415793444839486881
 21  18 -15.79495206774309146169
 22  18 -16.59949173762317187197
 23  18 -15.53984902735886386438
 24  18 -15.78006424462734713643
 25  18 -15.10554279116560749685
 26  18 -16.22457427354964920596
 27  18 -15.81021244301773265306
 28  18 -16.20256033903065784330
 29  18 -16.00073147016859209657
 30  18 -15.13724512649962861133
 31  18 -15.28433777807380167246
 32  18 -15.44764813523385704741
 33  18 -16.65360575507038731757
 34  18 -15.93326682022861717769
 35  18 -15.72191358531116023300
 36  18 -15.57559074547083177720
 37  18 -15.42347060828124405418
 38  18 -15.39895824964987269823
 39  18 -15.75565935514606330514
 40  18 -16.24835332225838513409
 41  18 -15.40528009939515463600
 42  18 -15.51452723679996381634
 43  18 -15.66759674236366350897
 44  18 -16.88477214010438842706
 45  18 -15.50027452002585448554
 46  18 -15.83494080533083803175
 47  18 -16.33343712568579420008
 48  18 -15.15130124619363094496
 49  18 -15.60105736287346900326
 50  18 -15.78288933574710917185
 51  18 -17.18619802126184836766
 52  18 -17.75859722870136891970
 53  18 -15.55441846693379304156
 54  18 -15.84376604878650240948
 55  18 -16.43094082787996157435
 56  18 -15.46853952671074416969
 57  18 -15.59176308793235499195
 58  18 -16.58314368557050499930
 59  18 -16.15856077755933384310
 60  18 -15.27846289325997020114
 61  18 -15.12121124520793458146
 62  18 -15.34859450076983122813
 63  18 -15.33150890454003167918
 64  18 -15.51168635255364058878
 65  18 -15.20727703013926124243
 66  18 -16.85819848057519010354
 67  18 -15.19822559763600366978
 68  18 -15.95556708322350658591
 69  18 -16.01251703074286325545
 70  18 -15.68322725551272966982
 71  18 -15.95297420478556382761
 72  18 -15.85751196513021810119
 73  18 -14.99759733548680884496
 74  18 -15.01717556857267332759
 75  18 -14.72035671913679166778
 76  18 -14.57146788987408214666
 77  18 -14.01458473973672091972
 78  18 -13.88892843206034299897
 79  18 -13.45312099788713489090
 80  18 -13.15683094931661756277
 81  18 -12.77130153222051589523
 82  18 -12.63143962667858488658
 83  18 -12.47377939938606417059
 84  18 -12.02707720449341977087
 85  18 -11.83564759568786683985
 86  18 -11.63722464344174056805
 87  18 -11.31050972465073378714
 88  18 -10.68006620126576855512
 89  18 -10.88280737096752126547
 90  18 -10.70283017540613990093
 91  18 -10.00372462743674795149
 92  18 -9.51459913822428760000
 93  18 -9.38944328160873453726
 94  18 -9.05468071328754398053
 95  18 -8.98977229026000124179
 96  18 -8.56328961653638565110
 97  18 -8.31632511847394084725
 98  18 -7.93667717847573150891
 99  18 -7.91513612495803720037
100  18 -7.14905719390114935408
  0  19 -16.23860117339746622633
  1  19 -17.28575303224036474603
  2  19 -16.41255991262545776976
  3  19 -15.27423095416873444208
  4  19 -15.35223085443450408150
  5  19 -15.22302523095006776543
  6  19 -15.93186500043076136990
  7  19 -15.45361031544374519342
  8  19 -15.78788828954193412812
  9  19 -16.12284575035412359512
 10  19 -15.43890512482810351003
 11  19 -16.02341952871855923490
 12  19 -15.72072091199133936357
 13  19 -15.78573759737872173048
 14  19 -15.82160677349741817466
 15  19 -15.42002469465558611716
 16  19 -15.95187417828346454485
 17  19 -15.34091528719466168695
 18  19 -16.29061478816972652339
 19  19 -16.33443275374085956742
 20  19 -15.52415793444839486881
 21  19 -15.79495206774309146169
 22  19 -16.59949173762317187197
 23  19 -15.53984902735886386438
 24  19 -15.78006424462734713643
 25  19 -15.10554279116560749685
 26  19 -16.22457427354964920596
 27  19 -15.81021244301773265306
 28  19 -16.20256033903065784330
 29  19 -16.00073147016859209657
 30  19 -15.13724512649962861133
 31  19 -15.28433777807380167246
 32  19 -15.44764813523385704741
 33  19 -16.65360575507038731757
 34  19 -15.93326682022861717769
 35  19 -15.72191358531116023300
 36  19 -15.57559074547083177720
 37  19 -15.42347060828124405418
 38  19 -15.39895824964987269823
 39  19 -15.75565935514606330514
 40  19 -16.24835332225838513409
 41  19 -15.40528009939515463600
 42  19 -15.51452723679996381634
 43  19 -15.66759674236366350897
 44  19 -16.88477214010438842706
 45  19 -15.50027452002585448554
 46  19 -15.83494080533083803175
 47  19 -16.33343712568579420008
 48  19 -15.15130124619363094496
 49  19 -15.60105736287346900326
 50  19 -15.78288933574710917185
 51  19 -17.18619802126184836766
 52  19 -17.75859722870136891970
 53  19 -15.55441846693379304156
 54  19 -15.84376604878650240948
 55  19 -16.43094082787996157435
 56  19 -15.46853952671074416969
 57  19 -15.59176308793235499195
 58  19 -16.58314368557050499930
 59  19 -16.15856077755933384310
 60  19 -15.27846289325997020114
 61  19 -15.12121124520793458146
 62  19 -15.34859450076983122813
 63  19 -15.33150890454003167918
 64  19 -15.51168635255364058878
 65  19 -15.20727703013926124243
 66  19 -16.85819848057519010354
 67  19 -15.19822559763600366978
 68  19 -15.95556708322350658591
 69  19 -16.01251703074286325545
 70  19 -15.68322725551272966982
 71  19 -15.95297420478556382761
 72  19 -15.85751196513021810119
 73  19 -15.18998699986102707271
 74  19 -15.80604748975805939892
 75  19 -16.02368105970752054645
 76  19 -15.51253104410622896125
 77  19 -15.83118353996631988423
 78  19 -15.41811116417210136831
 79  19 -17.10612130186831691958
 80  19 -15.14659547947991669048
 81  19 -14.81428662094233850155
 82  19 -14.64213668153426795016
 83  19 -14.43695444086429091612
 84  19 -14.09550040709037510567
 85  19 -14.07505257680929666719
 86  19 -13.68082389164048784380
 87  19 -13.48006503855531512670
 88  19 -12.75256216816061893837
 89  19 -12.95987727135962686020
 90  19 -12.65066183220478279736
 91  19 -12.06860415186120150111
 92  19 -11.56356898430242452491
 93  19 -11.34377600823721898848
 94  19 -11.01078701086073508009
 95  19 -11.18064288914744253134
 96  19 -10.51751715079368487693
 97  19 -10.47155619231031131733
 98  19 -10.13506889763163165696
 99  19 -9.73987333361893092842
100  19 -9.26084864280003117187
  0  20 -16.23860117339746622633
  1  20 -17.28575303224036474603
  2  20 -16.41255991262545776976
  3  20 -15.27423095416873444208
  4  20 -15.35223085443450408150
  5  20 -15.22302523095006776543
  6  20 -15.93186500043076136990
  7  20 -15.45361031544374519342
  8  20 -15.78788828954193412812
  9  20 -16.12284575035412359512
 10  20 -15.43890512482810351003
 11  20 -16.02341952871855923490
 12  20 -15.72072091199133936357
 13  20 -15.78573759737872173048
 14  20 -15.82160677349741817466
 15  20 -15.42002469465558611716
 16  20 -15.95187417828346454485
 17  20 -15.34091528719466168695
 18  20 -16.29061478816972652339
 19  20 -16.33443275374085956742
 20  20 -15.52415793444839486881
 21  20 -15.79495206774309146169
 22  20 -16.59949173762317187197
 23  20 -15.53984902735886386438
 24  20 -15.78006424462734713643
 25  20 -15.10554279116560749685
 26  20 -16.22457427354964920596
 27  20 -15.81021244301773265306
 28  20 -16.20256033903065784330
 29  20 -16.00073147016859209657
 30  20 -15.13724512649962861133
 31  20 -15.28433777807380167246
 32  20 -15.44764813523385704741
 33  20 -16.65360575507038731757
 34  20 -15.93326682022861717769
 35  20 -15.72191358531116023300
 36  20 -15.57559074547083177720
 37  20 -15.42347060828124405418
 38  20 -15.39895824964987269823
 39  20 -15.75565935514606330514
 40  20 -16.24835332225838513409
 41  20 -15.40528009939515463600
 42  20 -15.51452723679996381634
 43  20 -15.66759674236366350897
 44  20 -16.88477214010438842706
 45  20 -15.50027452002585448554
 46  20 -15.83494080533083803175
 47  20 -16.33343712568579420008
 48  20 -15.15130124619363094496
 49  20 -15.60105736287346900326
 50  20 -15.78288933574710917185
 51  20 -17.18619802126184836766
 52  20 -17.75859722870136891970
 53  20 -15.55441846693379304156
 54  20 -15.84376604878650240948
 55  20 -16.43094082787996157435
 56  20 -15.46853952671074416969
 57  20 -15.59176308793235499195
 58  20 -16.58314368557050499930
 59  20 -16.15856077755933384310
 60  20 -15.27846289325997020114
 61  20 -15.12121124520793458146
 62  20 -15.34859450076983122813
 63  20 -15.33150890454003167918
 64  20 -15.51168635255364058878
 65  20 -15.20727703013926124243
 66  20 -16.85819848057519010354
 67  20 -15.19822559763600366978
 68  20 -15.95556708322350658591
 69  20 -16.01251703074286325545
 70  20 -15.68322725551272966982
 71  20 -15.95297420478556382761
 72  20 -15.85751196513021810119
 73  20 -15.18998699986102707271
 74  20 -15.80604748975805939892
 75  20 -16.02368105970752054645
 76  20 -15.51253104410622896125
 77  20 -15.83118353996631988423
 78  20 -15.41811116417210136831
 79  20 -17.10612130186831691958
 80  20 -15.42110640811050537025
 81  20 -15.71472036893598023255
 82  20 -15.92410407180217291057
 83  20 -15.22545180971821743299
 84  20 -15.05841688804136069280
 85  20 -15.76209498066051928333
 86  20 -15.74866341239257749862
 87  20 -15.34840937109232505975
 88  20 -14.78095373782533705764
 89  20 -15.09258424631684469830
 90  20 -14.68528881149852693966
 91  20 -14.02870365672977825966
 92  20 -13.57131080186993621339
 93  20 -13.52149229917239736665
 94  20 -13.02459505662822003558
 95  20 -13.20573943630635405100
 96  20 -12.69474125235333517026
 97  20 -12.39007994724189209990
 98  20 -12.06654459697610093372
 99  20 -11.85670461754588700387
100  20 -11.31077115122540988068
  0  21 -16.23860117339746622633
  1  21 -17.28575303224036474603
  2  21 -16.41255991262545776976
  3  21 -15.27423095416873444208
  4  21 -15.35223085443450408150
  5  21 -15.22302523095006776543
  6  21 -15.93186500043076136990
  7  21 -15.45361031544374519342
  8  21 -15.78788828954193412812
  9  21 -16.12284575035412359512
 10  21 -15.43890512482810351003
 11  21 -16.02341952871855923490
 12  21 -15.72072091199133936357
 13  21 -15.78573759737872173048
 14  21 -15.82160677349741817466
 15  21 -15.42002469465558611716
 16  21 -15.95187417828346454485
 17  21 -15.34091528719466168695
 18  21 -16.29061478816972652339
 19  21 -16.33443275374085956742
 20  21 -15.52415793444839486881
 21  21 -15.79495206774309146169
 22  21 -16.59949173762317187197
 23  21 -15.53984902735886386438
 24  21 -15.78006424462734713643
 25  21 -15.10554279116560749685
 26  21 -16.22457427354964920596
 27  21 -15.81021244301773265306
 28  21 -16.20256033903065784330
 29  21 -16.00073147016859209657
 30  21 -15.13724512649962861133
 31  21 -15.28433777807380167246
 32  21 -15.44764813523385704741
 33  21 -16.65360575507038731757
 34  21 -15.93326682022861717769
 35  21 -15.72191358531116023300
 36  21 -15.57559074547083177720
 37  21 -15.42347060828124405418
 38  21 -15.39895824964987269823
 39  21 -15.75565935514606330514
 40  21 -16.24835332225838513409
 41  21 -15.40528009939515463600
 42  21 -15.51452723679996381634
 43  21 -15.66759674236366350897
 44  21 -16.88477214010438842706
 45  21 -15.50027452002585448554
 46  21 -15.83494080533083803175
 47  21 -16.33343712568579420008
 48  21 -15.15130124619363094496
 49  21 -15.60105736287346900326
 50  21 -15.78288933574710917185
 51  21 -17.18619802126184836766
 52  21 -17.75859722870136891970
 53  21 -15.55441846693379304156
 54  21 -15.84376604878650240948
 55  21 -16.43094082787996157435
 56  21 -15.46853952671074416969
 57  21 -15.59176308793235499195
 58  21 -16.58314368557050499930
 59  21 -16.15856077755933384310
 60  21 -15.27846289325997020114
 61  21 -15.12121124520793458146
 62  21 -15.34859450076983122813
 63  21 -15.33150890454003167918
 64  21 -15.51168635255364058878
 65  21 -15.20727703013926124243
 66  21 -16.85819848057519010354
 67  21 -15.19822559763600366978
 68  21 -15.95556708322350658591
 69  21 -16.01251703074286325545
 70  21 -15.68322725551272966982
 71  21 -15.95297420478556382761
 72  21 -15.85751196513021810119
 73  21 -15.18998699986102707271
 74  21 -15.80604748975805939892
 75  21 -16.02368105970752054645
 76  21 -15.51253104410622896125
 77  21 -15.83118353996631988423
 78  21 -15.41811116417210136831
 79  21 -17.10612130186831691958
 80  21 -15.42110640811050537025
 81  21 -15.71472036893598023255
 82  21 -15.92410407180217291057
 83  21 -15.22545180971821743299
 84  21 -15.05841688804136069280
 85  21 -15.76209498066051928333
 86  21 -15.74866341239257749862
 87  21 -15.34840937109232505975
 88  21 -16.07719370285650484220
 89  21 -17.46202768622011447519
 90  21 -15.20027190691950380597
 91  21 -15.42456750810209342717
 92  21 -15.45104119022542121797
 93  21 -15.20360662007107421800
 94  21 -15.02454919996337245891
 95  21 -15.27986088383987883788
 96  21 -14.66390014984394341013
 97  21 -14.53010036866433019043
 98  21 -14.26941043937884323611
 99  21 -13.91633203052691136747
100  21 -13.39157188528741748712
  0  22 -16.23860117339746622633
  1  22 -17.28575303224036474603
  2  22 -16.41255991262545776976
  3  22 -15.27423095416873444208
  4  22 -15.35223085443450408150
  5  22 -15.22302523095006776543
  6  22 -15.93186500043076136990
  7  22 -15.45361031544374519342
  8  22 -15.78788828954193412812
  9  22 -16.12284575035412359512
 10  22 -15.43890512482810351003
 11  22 -16.02341952871855923490
 12  22 -15.72072091199133936357
 13  22 -15.78573759737872173048
 14  22 -15.82160677349741817466
 15  22 -15.42002469465558611716
 16  22 -15.95187417828346454485
 17  22 -15.34091528719466168695
 18  22 -16.29061478816972652339
 19  22 -16.33443275374085956742
 20  22 -15.52415793444839486881
 21  22 -15.79495206774309146169
 22  22 -16.59949173762317187197
 23  22 -15.53984902735886386438
 24  22 -15.78006424462734713643
 25  22 -15.10554279116560749685
 26  22 -16.22457427354964920596
 27  22 -15.81021244301773265306
 28  22 -16.20256033903065784330
 29  22 -16.00073147016859209657
 30  22 -15.13724512649962861133
 31  22 -15.28433777807380167246
 32  22 -15.44764813523385704741
 33  22 -16.65360575507038731757
 34  22 -15.93326682022861717769
 35  22 -15.72191358531116023300
 36  22 -15.57559074547083177720
 37  22 -15.42347060828124405418
 38  22 -15.39895824964987269823
 39  22 -15.75565935514606330514
 40  22 -16.24835332225838513409
 41  22 -15.40528009939515463600
 42  22 -15.51452723679996381634
 43  22 -15.66759674236366350897
 44  22 -16.88477214010438842706
 45  22 -15.50027452002585448554
 46  22 -15.83494080533083803175
 47  22 -16.33343712568579420008
 48  22 -15.15130124619363094496
 49  22 -15.60105736287346900326
 50  22 -15.78288933574710917185
 51  22 -17.18619802126184836766
 52  22 -17.75859722870136891970
 53  22 -15.55441846693379304156
 54  22 -15.84376604878650240948
 55  22 -16.43094082787996157435
 56  22 -15.46853952671074416969
 57  22 -15.59176308793235499195
 58  22 -16.58314368557050499930
 59  22 -16.15856077755933384310
 60  22 -15.27846289325997020114
 61  22 -15.12121124520793458146
 62  22 -15.34859450076983122813
 63  22 -15.33150890454003167918
 64  22 -15.51168635255364058878
 65  22 -15.20727703013926124243
 66  22 -16.85819848057519010354
 67  22 -15.19822559763600366978
 68  22 -15.95556708322350658591
 69  22 -16.01251703074286325545
 70  22 -15.68322725551272966982
 71  22 -15.95297420478556382761
 72  22 -15.85751196513021810119
 73  22 -15.18998699986102707271
 74  22 -15.80604748975805939892
 75  22 -16.02368105970752054645
 76  22 -15.51253104410622896125
 77  22 -15.83118353996631988423
 78  22 -15.41811116417210136831
 79  22 -17.10612130186831691958
 80  22 -15.42110640811050537025
 81  22 -15.71472036893598023255
 82  22 -15.92410407180217291057
 83  22 -15.22545180971821743299
 84  22 -15.05841688804136069280
 85  22 -15.76209498066051928333
 86  22 -15.74866341239257749862
 87  22 -15.34840937109232505975
 88  22 -16.07719370285650484220
 89  22 -17.46202768622011447519
 90  22 -15.20027190691950380597
 91  22 -15.42456750810209342717
 92  22 -15.45104119022542121797
 93  22 -15.20360662007107421800
 94  22 -15.10228568051245368054
 95  22 -15.44172844658918997141
 96  22 -16.24168557648839339436
 97  22 -15.79275945550002369089
 98  22 -15.26785238106513986622
 99  22 -15.15923494487343070602
100  22 -15.36473527157409968424
  0  23 -16.23860117339746622633
  1  23 -17.28575303224036474603
  2  23 -16.41255991262545776976
  3  23 -15.27423095416873444208
  4  23 -15.35223085443450408150
  5  23 -15.22302523095006776543
  6  23 -15.93186500043076136990
  7  23 -15.45361031544374519342
  8  23 -15.78788828954193412812
  9  23 -16.12284575035412359512
 10  23 -15.43890512482810351003
 11  23 -16.02341952871855923490
 12  23 -15.72072091199133936357
 13  23 -15.78573759737872173048
 14  23 -15.82160677349741817466
 15  23 -15.42002469465558611716
 16  23 -15.95187417828346454485
 17  23 -15.34091528719466168695
 18  23 -16.29061478816972652339
 19  23 -16.33443275374085956742
 20  23 -15.52415793444839486881
 21  23 -15.79495206774309146169
 22  23 -16.59949173762317187197
 23  23 -15.53984902735886386438
 24  23 -15.78006424462734713643
 25  23 -15.10554279116560749685
 26  23 -16.22457427354964920596
 27  23 -15.81021244301773265306
 28  23 -16.20256033903065784330
 29  23 -16.00073147016859209657
 30  23 -15.13724512649962861133
 31  23 -15.28433777807380167246
 32  23 -15.44764813523385704741
 33  23 -16.65360575507038731757
 34  23 -15.93326682022861717769
 35  23 -15.72191358531116023300
 36  23 -15.57559074547083177720
 37  23 -15.42347060828124405418
 38  23 -15.39895824964987269823
 39  23 -15.75565935514606330514
 40  23 -16.24835332225838513409
 41  23 -15.40528009939515463600
 42  23 -15.51452723679996381634
 43  23 -15.66759674236366350897
 44  23 -16.88477214010438842706
 45  23 -15.50027452002585448554
 46  23 -15.83494080533083803175
 47  23 -16.33343712568579420008
 48  23 -15.15130124619363094496
 49  23 -15.60105736287346900326
 50  23 -15.78288933574710917185
 51  23 -17.18619802126184836766
 52  23 -17.75859722870136891970
 53  23 -15.55441846693379304156
 54  23 -15.84376604878650240948
 55  23 -16.43094082787996157435
 56  23 -15.46853952671074416969
 57  23 -15.59176308793235499195
 58  23 -16.58314368557050499930
 59  23 -16.15856077755933384310
 60  23 -15.27846289325997020114
 61  23 -15.12121124520793458146
 62  23 -15.34859450076983122813
 63  23 -15.33150890454003167918
 64  23 -15.51168635255364058878
 65  23 -15.20727703013926124243
 66  23 -16.85819848057519010354
 67  23 -15.19822559763600366978
 68  23 -15.95556708322350658591
 69  23 -16.01251703074286325545
 70  23 -15.68322725551272966982
 71  23 -15.95297420478556382761
 72  23 -15.85751196513021810119
 73  23 -15.18998699986102707271
 74  23 -15.80604748975805939892
 75  23 -16.02368105970752054645
 76  23 -15.51253104410622896125
 77  23 -15.83118353996631988423
 78  23 -15.41811116417210136831
 79  23 -17.10612130186831691958
 80  23 -15.42110640811050537025
 81  23 -15.71472036893598023255
 82  23 -15.92410407180217291057
 83  23 -15.22545180971821743299
 84  23 -15.05841688804136069280
 85  23 -15.76209498066051928333
 86  23 -15.74866341239257749862
 87  23 -15.34840937109232505975
 88  23 -16.07719370285650484220
 89  23 -17.46202768622011447519
 90  23 -15.20027190691950380597
 91  23 -15.42456750810209342717
 92  23 -15.45104119022542121797
 93  23 -15.20360662007107421800
 94  23 -15.10228568051245368054
 95  23 -15.44172844658918997141
 96  23 -16.24168557648839339436
 97  23 -15.79275945550002369089
 98  23 -15.26785238106513986622
 99  23 -15.15923494487343070602
100  23 -15.36473527157409968424
  0  24 -16.23860117339746622633
  1  24 -17.28575303224036474603
  2  24 -16.41255991262545776976
  3  24 -15.27423095416873444208
  4  24 -15.35223085443450408150
  5  24 -15.22302523095006776543
  6  24 -15.93186500043076136990
  7  24 -15.45361031544374519342
  8  24 -15.78788828954193412812
  9  24 -16.12284575035412359512
 10  24 -15.43890512482810351003
 11  24 -16.02341952871855923490
 12  24 -15.72072091199133936357
 13  24 -15.78573759737872173048
 14  24 -15.82160677349741817466
 15  24 -15.42002469465558611716
 16  24 -15.95187417828346454485
 17  24 -15.34091528719466168695
 18  24 -16.29061478816972652339
 19  24 -16.33443275374085956742
 20  24 -15.52415793444839486881
 21  24 -15.79495206774309146169
 22  24 -16.59949173762317187197
 23  24 -15.53984902735886386438
 24  24 -15.78006424462734713643
 25  24 -15.10554279116560749685
 26  24 -16.22457427354964920596
 27  24 -15.81021244301773265306
 28  24 -16.20256033903065784330
 29  24 -16.00073147016859209657
 30  24 -15.13724512649962861133
 31  24 -15.28433777807380167246
 32  24 -15.44764813523385704741
 33  24 -16.65360575507038731757
 34  24 -15.93326682022861717769
 35  24 -15.72191358531116023300
 36  24 -15.57559074547083177720
 37  24 -15.42347060828124405418
 38  24 -15.39895824964987269823
 39  24 -15.75565935514606330514
 40  24 -16.24835332225838513409
 41  24 -15.40528009939515463600
 42  24 -15.51452723679996381634
 43  24 -15.66759674236366350897
 44  24 -16.88477214010438842706
 45  24 -15.50027452002585448554
 46  24 -15.83494080533083803175
 47  24 -16.33343712568579420008
 48  24 -15.15130124619363094496
 49  24 -15.60105736287346900326
 50  24 -15.78288933574710917185
 51  24 -17.18619802126184836766
 52  24 -17.75859722870136891970
 53  24 -15.55441846693379304156
 54  24 -15.84376604878650240948
 55  24 -16.43094082787996157435
 56  24 -15.46853952671074416969
 57  24 -15.59176308793235499195
 58  24 -16.58314368557050499930
 59  24 -16.15856077755933384310
 60  24 -15.27846289325997020114
 61  24 -15.12121124520793458146
 62  24 -15.34859450076983122813
 63  24 -15.33150890454003167918
 64  24 -15.51168635255364058878
 65  24 -15.20727703013926124243
 66  24 -16.85819848057519010354
 67  24 -15.19822559763600366978
 68  24 -15.95556708322350658591
 69  24 -16.01251703074286325545
 70  24 -15.68322725551272966982
 71  24 -15.95297420478556382761
 72  24 -15.85751196513021810119
 73  24 -15.18998699986102707271
 74  24 -15.80604748975805939892
 75  24 -16.02368105970752054645
 76  24 -15.51253104410622896125
 77  24 -15.83118353996631988423
 78  24 -15.41811116417210136831
 79  24 -17.10612130186831691958
 80  24 -15.42110640811050537025
 81  24 -15.71472036893598023255
 82  24 -15.92410407180217291057
 83  24 -15.22545180971821743299
 84  24 -15.05841688804136069280
 85  24 -15.76209498066051928333
 86  24 -15.74866341239257749862
 87  24 -15.34840937109232505975
 88  24 -16.07719370285650484220
 89  24 -17.46202768622011447519
 90  24 -15.20027190691950380597
 91  24 -15.42456750810209342717
 92  24 -15.45104119022542121797
 93  24 -15.20360662007107421800
 94  24 -15.10228568051245368054
 95  24 -15.44172844658918997141
 96  24 -16.24168557648839339436
 97  24 -15.79275945550002369089
 98  24 -15.26785238106513986622
 99  24 -15.15923494487343070602
100  24 -15.36473527157409968424
  0  25 -16.23860117339746622633
  1  25 -17.28575303224036474603
  2  25 -16.41255991262545776976
  3  25 -15.27423095416873444208
  4  25 -15.35223085443450408150
  5  25 -15.22302523095006776543
  6  25 -15.93186500043076136990
  7  25 -15.45361031544374519342
  8  25 -15.78788828954193412812
  9  25 -16.12284575035412359512
 10  25 -15.43890512482810351003
 11  25 -16.02341952871855923490
 12  25 -15.72072091199133936357
 13  25 -15.78573759737872173048
 14  25 -15.82160677349741817466
 15  25 -15.42002469465558611716
 16  25 -15.95187417828346454485
 17  25 -15.34091528719466168695
 18  25 -16.29061478816972652339
 19  25 -16.33443275374085956742
 20  25 -15.52415793444839486881
 21  25 -15.79495206774309146169
 22  25 -16.59949173762317187197
 23  25 -15.53984902735886386438
 24  25 -15.78006424462734713643
 25  25 -15.10554279116560749685
 26  25 -16.22457427354964920596
 27  25 -15.81021244301773265306
 28  25 -16.20256033903065784330
 29  25 -16.00073147016859209657
 30  25 -15.13724512649962861133
 31  25 -15.28433777807380167246
 32  25 -15.44764813523385704741
 33  25 -16.65360575507038731757
 34  25 -15.93326682022861717769
 35  25 -15.72191358531116023300
 36  25 -15.57559074547083177720
 37  25 -15.42347060828124405418
 38  25 -15.39895824964987269823
 39  25 -15.75565935514606330514
 40  25 -16.24835332225838513409
 41  25 -15.40528009939515463600
 42  25 -15.51452723679996381634
 43  25 -15.66759674236366350897
 44  25 -16.88477214010438842706
 45  25 -15.50027452002585448554
 46  25 -15.83494080533083803175
 47  25 -16.33343712568579420008
 48  25 -15.15130124619363094496
 49  25 -15.60105736287346900326
 50  25 -15.78288933574710917185
 51  25 -17.18619802126184836766
 52  25 -17.75859722870136891970
 53  25 -15.55441846693379304156
 54  25 -15.84376604878650240948
 55  25 -16.43094082787996157435
 56  25 -15.46853952671074416969
 57  25 -15.59176308793235499195
 58  25 -16.58314368557050499930
 59  25 -16.15856077755933384310
 60  25 -15.27846289325997020114
 61  25 -15.12121124520793458146
 62  25 -15.34859450076983122813
 63  25 -15.33150890454003167918
 64  25 -15.51168635255364058878
 65  25 -15.20727703013926124243
 66  25 -16.85819848057519010354
 67  25 -15.19822559763600366978
 68  25 -15.95556708322350658591
 69  25 -16.01251703074286325545
 70  25 -15.68322725551272966982
 71  25 -15.95297420478556382761
 72  25 -15.85751196513021810119
 73  25 -15.18998699986102707271
 74  25 -15.80604748975805939892
 75  25 -16.02368105970752054645
 76  25 -15.51253104410622896125
 77  25 -15.83118353996631988423
 78  25 -15.41811116417210136831
 79  25 -17.10612130186831691958
 80  25 -15.42110640811050537025
 81  25 -15.71472036893598023255
 82  25 -15.92410407180217291057
 83  25 -15.22545180971821743299
 84  25 -15.05841688804136069280
 85  25 -15.76209498066051928333
 86  25 -15.74866341239257749862
 87  25 -15.34840937109232505975
 88  25 -16.07719370285650484220
 89  25 -17.46202768622011447519
 90  25 -15.20027190691950380597
 91  25 -15.42456750810209342717
 92  25 -15.45104119022542121797
 93  25 -15.20360662007107421800
 94  25 -15.10228568051245368054
 95  25 -15.44172844658918997141
 96  25 -16.24168557648839339436
 97  25 -15.79275945550002369089
 98  25 -15.26785238106513986622
 99  25 -15.15923494487343070602
100  25 -15.36473527157409968424
  0  26 -16.23860117339746622633
  1  26 -17.28575303224036474603
  2  26 -16.41255991262545776976
  3  26 -15.27423095416873444208
  4  26 -15.35223085443450408150
  5  26 -15.22302523095006776543
  6  26 -15.93186500043076136990
  7  26 -15.45361031544374519342
  8  26 -15.78788828954193412812
  9  26 -16.12284575035412359512
 10  26 -15.43890512482810351003
 11  26 -16.02341952871855923490
 12  26 -15.72072091199133936357
 13  26 -15.78573759737872173048
 14  26 -15.82160677349741817466
 15  26 -15.42002469465558611716
 16  26 -15.95187417828346454485
 17  26 -15.34091528719466168695
 18  26 -16.29061478816972652339
 19  26 -16.33443275374085956742
 20  26 -15.52415793444839486881
 21  26 -15.79495206774309146169
 22  26 -16.59949173762317187197
 23  26 -15.53984902735886386438
 24  26 -15.78006424462734713643
 25  26 -15.10554279116560749685
 26  26 -16.22457427354964920596
 27  26 -15.81021244301773265306
 28  26 -16.20256033903065784330
 29  26 -16.00073147016859209657
 30  26 -15.13724512649962861133
 31  26 -15.28433777807380167246
 32  26 -15.44764813523385704741
 33  26 -16.65360575507038731757
 34  26 -15.93326682022861717769
 35  26 -15.72191358531116023300
 36  26 -15.57559074547083177720
 37  26 -15.42347060828124405418
 38  26 -15.39895824964987269823
 39  26 -15.75565935514606330514
 40  26 -16.24835332225838513409
 41  26 -15.40528009939515463600
 42  26 -15.51452723679996381634
 43  26 -15.66759674236366350897
 44  26 -16.88477214010438842706
 45  26 -15.50027452002585448554
 46  26 -15.83494080533083803175
 47  26 -16.33343712568579420008
 48  26 -15.15130124619363094496
 49  26 -15.60105736287346900326
 50  26 -15.78288933574710917185
 51  26 -17.18619802126184836766
 52  26 -17.75859722870136891970
 53  26 -15.55441846693379304156
 54  26 -15.84376604878650240948
 55  26 -16.43094082787996157435
 56  26 -15.46853952671074416969
 57  26 -15.59176308793235499195
 58  26 -16.58314368557050499930
 59  26 -16.15856077755933384310
 60  26 -15.27846289325997020114
 61  26 -15.12121124520793458146
 62  26 -15.34859450076983122813
 63  26 -15.33150890454003167918
 64  26 -15.51168635255364058878
 65  26 -15.20727703013926124243
 66  26 -16.85819848057519010354
 67  26 -15.19822559763600366978
 68  26 -15.95556708322350658591
 69  26 -16.01251703074286325545
 70  26 -15.68322725551272966982
 71  26 -15.95297420478556382761
 72  26 -15.85751196513021810119
 73  26 -15.18998699986102707271
 74  26 -15.80604748975805939892
 75  26 -16.02368105970752054645
 76  26 -15.51253104410622896125
 77  26 -15.83118353996631988423
 78  26 -15.41811116417210136831
 79  26 -17.10612130186831691958
 80  26 -15.42110640811050537025
 81  26 -15.71472036893598023255
 82  26 -15.92410407180217291057
 83  26 -15.22545180971821743299
 84  26 -15.05841688804136069280
 85  26 -15.76209498066051928333
 86  26 -15.74866341239257749862
 87  26 -15.34840937109232505975
 88  26 -16.07719370285650484220
 89  26 -17.46202768622011447519
 90  26 -15.20027190691950380597
 91  26 -15.42456750810209342717
 92  26 -15.45104119022542121797
 93  26 -15.20360662007107421800
 94  26 -15.10228568051245368054
 95  26 -15.44172844658918997141
 96  26 -16.24168557648839339436
 97  26 -15.79275945550002369089
 98  26 -15.26785238106513986622
 99  26 -15.15923494487343070602
100  26 -15.36473527157409968424
  0  27 -16.23860117339746622633
  1  27 -17.28575303224036474603
  2  27 -16.41255991262545776976
  3  27 -15.27423095416873444208
  4  27 -15.35223085443450408150
  5  27 -15.22302523095006776543
  6  27 -15.93186500043076136990
  7  27 -15.45361031544374519342
  8  27 -15.78788828954193412812
  9  27 -16.12284575035412359512
 10  27 -15.43890512482810351003
 11  27 -16.02341952871855923490
 12  27 -15.72072091199133936357
 13  27 -15.78573759737872173048
 14  27 -15.82160677349741817466
 15  27 -15.42002469465558611716
 16  27 -15.95187417828346454485
 17  27 -15.34091528719466168695
 18  27 -16.29061478816972652339
 19  27 -16.33443275374085956742
 20  27 -15.52415793444839486881
 21  27 -15.79495206774309146169
 22  27 -16.59949173762317187197
 23  27 -15.53984902735886386438
 24  27 -15.78006424462734713643
 25  27 -15.10554279116560749685
 26  27 -16.22457427354964920596
 27  27 -15.81021244301773265306
 28  27 -16.20256033903065784330
 29  27 -16.00073147016859209657
 30  27 -15.13724512649962861133
 31  27 -15.28433777807380167246
 32  27 -15.44764813523385704741
 33  27 -16.65360575507038731757
 34  27 -15.93326682022861717769
 35  27 -15.72191358531116023300
 36  27 -15.57559074547083177720
 37  27 -15.42347060828124405418
 38  27 -15.39895824964987269823
 39  27 -15.75565935514606330514
 40  27 -16.24835332225838513409
 41  27 -15.40528009939515463600
 42  27 -15.51452723679996381634
 43  27 -15.66759674236366350897
 44  27 -16.88477214010438842706
 45  27 -15.50027452002585448554
 46  27 -15.83494080533083803175
 47  27 -16.33343712568579420008
 48  27 -15.15130124619363094496
 49  27 -15.60105736287346900326
 50  27 -15.78288933574710917185
 51  27 -17.18619802126184836766
 52  27 -17.75859722870136891970
 53  27 -15.55441846693379304156
 54  27 -15.84376604878650240948
 55  27 -16.43094082787996157435
 56  27 -15.46853952671074416969
 57  27 -15.59176308793235499195
 58  27 -16.58314368557050499930
 59  27 -16.15856077755933384310
 60  27 -15.27846289325997020114
 61  27 -15.12121124520793458146
 62  27 -15.34859450076983122813
 63  27 -15.33150890454003167918
 64  27 -15.51168635255364058878
 65  27 -15.20727703013926124243
 66  27 -16.85819848057519010354
 67  27 -15.19822559763600366978
 68  27 -15.95556708322350658591
 69  27 -16.01251703074286325545
 70  27 -15.68322725551272966982
 71  27 -15.95297420478556382761
 72  27 -15.85751196513021810119
 73  27 -15.18998699986102707271
 74  27 -15.80604748975805939892
 75  27 -16.02368105970752054645
 76  27 -15.51253104410622896125
 77  27 -15.83118353996631988423
 78  27 -15.41811116417210136831
 79  27 -17.10612130186831691958
 80  27 -15.42110640811050537025
 81  27 -15.71472036893598023255
 82  27 -15.92410407180217291057
 83  27 -15.22545180971821743299
 84  27 -15.05841688804136069280
 85  27 -15.76209498066051928333
 86  27 -15.74866341239257749862
 87  27 -15.34840937109232505975
 88  27 -16.07719370285650484220
 89  27 -17.46202768622011447519
 90  27 -15.20027190691950380597
 91  27 -15.42456750810209342717
 92  27 -15.45104119022542121797
 93  27 -15.20360662007107421800
 94  27 -15.10228568051245368054
 95  27 -15.44172844658918997141
 96  27 -16.24168557648839339436
 97  27 -15.79275945550002369089
 98  27 -15.26785238106513986622
 99  27 -15.15923494487343070602
100  27 -15.36473527157409968424
  0  28 -16.23860117339746622633
  1  28 -17.28575303224036474603
  2  28 -16.41255991262545776976
  3  28 -15.27423095416873444208
  4  28 -15.35223085443450408150
  5  28 -15.22302523095006776543
  6  28 -15.93186500043076136990
  7  28 -15.45361031544374519342
  8  28 -15.78788828954193412812
  9  28 -16.12284575035412359512
 10  28 -15.43890512482810351003
 11  28 -16.02341952871855923490
 12  28 -15.72072091199133936357
 13  28 -15.78573759737872173048
 14  28 -15.82160677349741817466
 15  28 -15.42002469465558611716
 16  28 -15.95187417828346454485
 17  28 -15.34091528719466168695
 18  28 -16.29061478816972652339
 19  28 -16.33443275374085956742
 20  28 -15.52415793444839486881
 21  28 -15.79495206774309146169
 22  28 -16.59949173762317187197
 23  28 -15.53984902735886386438
 24  28 -15.78006424462734713643
 25  28 -15.10554279116560749685
 26  28 -16.22457427354964920596
 27  28 -15.81021244301773265306
 28  28 -16.20256033903065784330
 29  28 -16.00073147016859209657
 30  28 -15.13724512649962861133
 31  28 -15.28433777807380167246
 32  28 -15.44764813523385704741
 33  28 -16.65360575507038731757
 34  28 -15.93326682022861717769
 35  28 -15.72191358531116023300
 36  28 -15.57559074547083177720
 37  28 -15.42347060828124405418
 38  28 -15.39895824964987269823
 39  28 -15.75565935514606330514
 40  28 -16.24835332225838513409
 41  28 -15.40528009939515463600
 42  28 -15.51452723679996381634
 43  28 -15.66759674236366350897
 44  28 -16.88477214010438842706
 45  28 -15.50027452002585448554
 46  28 -15.83494080533083803175
 47  28 -16.33343712568579420008
 48  28 -15.15130124619363094496
 49  28 -15.60105736287346900326
 50  28 -15.78288933574710917185
 51  28 -17.18619802126184836766
 52  28 -17.75859722870136891970
 53  28 -15.55441846693379304156
 54  28 -15.84376604878650240948
 55  28 -16.43094082787996157435
 56  28 -15.46853952671074416969
 57  28 -15.59176308793235499195
 58  28 -16.58314368557050499930
 59  28 -16.15856077755933384310
 60  28 -15.27846289325997020114
 61  28 -15.12121124520793458146
 62  28 -15.34859450076983122813
 63  28 -15.33150890454003167918
 64  28 -15.51168635255364058878
 65  28 -15.20727703013926124243
 66  28 -16.85819848057519010354
 67  28 -15.19822559763600366978
 68  28 -15.95556708322350658591
 69  28 -16.01251703074286325545
 70  28 -15.68322725551272966982
 71  28 -15.95297420478556382761
 72  28 -15.85751196513021810119
 73  28 -15.18998699986102707271
 74  28 -15.80604748975805939892
 75  28 -16.02368105970752054645
 76  28 -15.51253104410622896125
 77  28 -15.83118353996631988423
 78  28 -15.41811116417210136831
 79  28 -17.10612130186831691958
 80  28 -15.42110640811050537025
 81  28 -15.71472036893598023255
 82  28 -15.92410407180217291057
 83  28 -15.22545180971821743299
 84  28 -15.05841688804136069280
 85  28 -15.76209498066051928333
 86  28 -15.74866341239257749862
 87  28 -15.34840937109232505975
 88  28 -16.07719370285650484220
 89  28 -17.46202768622011447519
 90  28 -15.20027190691950380597
 91  28 -15.42456750810209342717
 92  28 -15.45104119022542121797
 93  28 -15.20360662007107421800
 94  28 -15.10228568051245368054
 95  28 -15.44172844658918997141
 96  28 -16.24168557648839339436
 97  28 -15.79275945550002369089
 98  28 -15.26785238106513986622
 99  28 -15.15923494487343070602
100  28 -15.36473527157409968424
  0  29 -16.23860117339746622633
  1  29 -17.28575303224036474603
  2  29 -16.41255991262545776976
  3  29 -15.27423095416873444208
  4  29 -15.35223085443450408150
  5  29 -15.22302523095006776543
  6  29 -15.93186500043076136990
  7  29 -15.45361031544374519342
  8  29 -15.78788828954193412812
  9  29 -16.12284575035412359512
 10  29 -15.43890512482810351003
 11  29 -16.02341952871855923490
 12  29 -15.72072091199133936357
 13  29 -15.78573759737872173048
 14  29 -15.82160677349741817466
 15  29 -15.42002469465558611716
 16  29 -15.95187417828346454485
 17  29 -15.34091528719466168695
 18  29 -16.29061478816972652339
 19  29 -16.33443275374085956742
 20  29 -15.52415793444839486881
 21  29 -15.79495206774309146169
 22  29 -16.59949173762317187197
 23  29 -15.53984902735886386438
 24  29 -15.78006424462734713643
 25  29 -15.10554279116560749685
 26  29 -16.22457427354964920596
 27  29 -15.81021244301773265306
 28  29 -16.20256033903065784330
 29  29 -16.00073147016859209657
 30  29 -15.13724512649962861133
 31  29 -15.28433777807380167246
 32  29 -15.44764813523385704741
 33  29 -16.65360575507038731757
 34  29 -15.93326682022861717769
 35  29 -15.72191358531116023300
 36  29 -15.57559074547083177720
 37  29 -15.42347060828124405418
 38  29 -15.39895824964987269823
 39  29 -15.75565935514606330514
 40  29 -16.24835332225838513409
 41  29 -15.40528009939515463600
 42  29 -15.51452723679996381634
 43  29 -15.66759674236366350897
 44  29 -16.88477214010438842706
 45  29 -15.50027452002585448554
 46  29 -15.83494080533083803175
 47  29 -16.33343712568579420008
 48  29 -15.15130124619363094496
 49  29 -15.60105736287346900326
 50  29 -15.78288933574710917185
 51  29 -17.18619802126184836766
 52  29 -17.75859722870136891970
 53  29 -15.55441846693379304156
 54  29 -15.84376604878650240948
 55  29 -16.43094082787996157435
 56  29 -15.46853952671074416969
 57  29 -15.59176308793235499195
 58  29 -16.58314368557050499930
 59  29 -16.15856077755933384310
 60  29 -15.27846289325997020114
 61  29 -15.12121124520793458146
 62  29 -15.34859450076983122813
 63  29 -15.33150890454003167918
 64  29 -15.51168635255364058878
 65  29 -15.20727703013926124243
 66  29 -16.85819848057519010354
 67  29 -15.19822559763600366978
 68  29 -15.95556708322350658591
 69  29 -16.01251703074286325545
 70  29 -15.68322725551272966982
 71  29 -15.95297420478556382761
 72  29 -15.85751196513021810119
 73  29 -15.18998699986102707271
 74  29 -15.80604748975805939892
 75  29 -16.02368105970752054645
 76  29 -15.51253104410622896125
 77  29 -15.83118353996631988423
 78  29 -15.41811116417210136831
 79  29 -17.10612130186831691958
 80  29 -15.42110640811050537025
 81  29 -15.71472036893598023255
 82  29 -15.92410407180217291057
 83  29 -15.22545180971821743299
 84  29 -15.05841688804136069280
 85  29 -15.76209498066051928333
 86  29 -15.74866341239257749862
 87  29 -15.34840937109232505975
 88  29 -16.07719370285650484220
 89  29 -17.46202768622011447519
 90  29 -15.20027190691950380597
 91  29 -15.42456750810209342717
 92  29 -15.45104119022542121797
 93  29 -15.20360662007107421800
 94  29 -15.10228568051245368054
 95  29 -15.44172844658918997141
 96  29 -16.24168557648839339436
 97  29 -15.79275945550002369089
 98  29 -15.26785238106513986622
 99  29 -15.15923494487343070602
100  29 -15.36473527157409968424
  0  30 -16.23860117339746622633
  1  30 -17.28575303224036474603
  2  30 -16.41255991262545776976
  3  30 -15.27423095416873444208
  4  30 -15.35223085443450408150
  5  30 -15.22302523095006776543
  6  30 -15.93186500043076136990
  7  30 -15.45361031544374519342
  8  30 -15.78788828954193412812
  9  30 -16.12284575035412359512
 10  30 -15.43890512482810351003
 11  30 -16.02341952871855923490
 12  30 -15.72072091199133936357
 13  30 -15.78573759737872173048
 14  30 -15.82160677349741817466
 15  30 -15.42002469465558611716
 16  30 -15.95187417828346454485
 17  30 -15.34091528719466168695
 18  30 -16.29061478816972652339
 19  30 -16.33443275374085956742
 20  30 -15.52415793444839486881
 21  30 -15.79495206774309146169
 22  30 -16.59949173762317187197
 23  30 -15.53984902735886386438
 24  30 -15.78006424462734713643
 25  30 -15.10554279116560749685
 26  30 -16.22457427354964920596
 27  30 -15.81021244301773265306
 28  30 -16.20256033903065784330
 29  30 -16.00073147016859209657
 30  30 -15.13724512649962861133
 31  30 -15.28433777807380167246
 32  30 -15.44764813523385704741
 33  30 -16.65360575507038731757
 34  30 -15.93326682022861717769
 35  30 -15.72191358531116023300
 36  30 -15.57559074547083177720
 37  30 -15.42347060828124405418
 38  30 -15.39895824964987269823
 39  30 -15.75565935514606330514
 40  30 -16.24835332225838513409
 41  30 -15.40528009939515463600
 42  30 -15.51452723679996381634
 43  30 -15.66759674236366350897
 44  30 -16.88477214010438842706
 45  30 -15.50027452002585448554
 46  30 -15.83494080533083803175
 47  30 -16.33343712568579420008
 48  30 -15.15130124619363094496
 49  30 -15.60105736287346900326
 50  30 -15.78288933574710917185
 51  30 -17.18619802126184836766
 52  30 -17.75859722870136891970
 53  30 -15.55441846693379304156
 54  30 -15.84376604878650240948
 55  30 -16.43094082787996157435
 56  30 -15.46853952671074416969
 57  30 -15.59176308793235499195
 58  30 -16.58314368557050499930
 59  30 -16.15856077755933384310
 60  30 -15.27846289325997020114
 61  30 -15.12121124520793458146
 62  30 -15.34859450076983122813
 63  30 -15.33150890454003167918
 64  30 -15.51168635255364058878
 65  30 -15.20727703013926124243
 66  30 -16.85819848057519010354
 67  30 -15.19822559763600366978
 68  30 -15.95556708322350658591
 69  30 -16.01251703074286325545
 70  30 -15.68322725551272966982
 71  30 -15.95297420478556382761
 72  30 -15.85751196513021810119
 73  30 -15.18998699986102707271
 74  30 -15.80604748975805939892
 75  30 -16.02368105970752054645
 76  30 -15.51253104410622896125
 77  30 -15.83118353996631988423
 78  30 -15.41811116417210136831
 79  30 -17.10612130186831691958
 80  30 -15.42110640811050537025
 81  30 -15.71472036893598023255
 82  30 -15.92410407180217291057
 83  30 -15.22545180971821743299
 84  30 -15.05841688804136069280
 85  30 -15.76209498066051928333
 86  30 -15.74866341239257749862
 87  30 -15.34840937109232505975
 88  30 -16.07719370285650484220
 89  30 -17.46202768622011447519
 90  30 -15.20027190691950380597
 91  30 -15.42456750810209342717
 92  30 -15.45104119022542121797
 93  30 -15.20360662007107421800
 94  30 -15.10228568051245368054
 95  30 -15.44172844658918997141
 96  30 -16.24168557648839339436
 97  30 -15.79275945550002369089
 98  30 -15.26785238106513986622
 99  30 -15.15923494487343070602
100  30 -15.36473527157409968424
