t s magnitude
  0   1 -2.17913721529781190256
  1   1 -2.72666806175603992912
  2   1 -1.55656166753411739911
  3   1 -1.37774279120464404613
  4   1 -1.02591683613892192817
  5   1 -1.52627598290792843017
  6   1 -0.17697389932352564079
  7   1 0.00000000000000000000
  8   1 0.00000000000000000000
  9   1 0.00000000000000000000
 10   1 0.00000000000000000000
 11   1 0.00000000000000000000
 12   1 0.00000000000000000000
 13   1 0.00000000000000000000
 14   1 0.00000000000000000000
 15   1 0.00000000000000000000
 16   1 0.00000000000000000000
 17   1 0.00000000000000000000
 18   1 0.00000000000000000000
 19   1 0.00000000000000000000
 20   1 0.00000000000000000000
 21   1 0.00000000000000000000
 22   1 0.00000000000000000000
 23   1 0.00000000000000000000
 24   1 0.00000000000000000000
 25   1 0.00000000000000000000
 26   1 0.00000000000000000000
 27   1 0.00000000000000000000
 28   1 0.00000000000000000000
 29   1 0.00000000000000000000
 30   1 0.00000000000000000000
 31   1 0.00000000000000000000
 32   1 0.00000000000000000000
 33   1 0.00000000000000000000
 34   1 0.00000000000000000000
 35   1 0.00000000000000000000
 36   1 0.00000000000000000000
 37   1 0.00000000000000000000
 38   1 0.00000000000000000000
 39   1 0.00000000000000000000
 40   1 0.00000000000000000000
 41   1 0.00000000000000000000
 42   1 0.00000000000000000000
 43   1 0.00000000000000000000
 44   1 0.00000000000000000000
 45   1 0.00000000000000000000
 46   1 0.00000000000000000000
 47   1 0.00000000000000000000
 48   1 0.00000000000000000000
 49   1 0.00000000000000000000
 50   1 0.00000000000000000000
 51   1 0.00000000000000000000
 52   1 0.00000000000000000000
 53   1 0.00000000000000000000
 54   1 0.00000000000000000000
 55   1 0.00000000000000000000
 56   1 0.00000000000000000000
 57   1 0.00000000000000000000
 58   1 0.00000000000000000000
 59   1 0.00000000000000000000
 60   1 0.00000000000000000000
 61   1 0.00000000000000000000
 62   1 0.00000000000000000000
 63   1 0.00000000000000000000
 64   1 0.00000000000000000000
 65   1 0.00000000000000000000
 66   1 0.00000000000000000000
 67   1 0.00000000000000000000
 68   1 0.00000000000000000000
 69   1 0.00000000000000000000
 70   1 0.00000000000000000000
 71   1 0.00000000000000000000
 72   1 0.00000000000000000000
 73   1 0.00000000000000000000
 74   1 0.00000000000000000000
 75   1 0.00000000000000000000
 76   1 0.00000000000000000000
 77   1 0.00000000000000000000
 78   1 0.00000000000000000000
 79   1 0.00000000000000000000
 80   1 0.00000000000000000000
 81   1 0.00000000000000000000
 82   1 0.00000000000000000000
 83   1 0.00000000000000000000
 84   1 0.00000000000000000000
 85   1 0.00000000000000000000
 86   1 0.00000000000000000000
 87   1 0.00000000000000000000
 88   1 0.00000000000000000000
 89   1 0.00000000000000000000
 90   1 0.00000000000000000000
 91   1 0.00000000000000000000
 92   1 0.00000000000000000000
 93   1 0.00000000000000000000
 94   1 0.00000000000000000000
 95   1 0.00000000000000000000
 96   1 0.00000000000000000000
 97   1 0.00000000000000000000
 98   1 0.00000000000000000000
 99   1 0.00000000000000000000
100   1 0.00000000000000000000
  0   2 -3.66540912433024779205
  1   2 -4.20250382820346146673
  2   2 -3.60022601169040257219
  3   2 -3.81869131095632452499
  4   2 -4.13804574187083318293
  5   2 -2.71301991809721165794
  6   2 -1.98730433073195200677
  7   2 -2.46517831235048090477
  8   2 -1.85836773386388220963
  9   2 -1.49908919343439528404
 10   2 -1.90707362515862355323
 11   2 -1.74921928129509751670
 12   2 -2.41427730392939254855
 13   2 -0.28144402474637875144
 14   2 0.00000000000000000000
 15   2 0.00000000000000000000
 16   2 0.00000000000000000000
 17   2 0.00000000000000000000
 18   2 0.00000000000000000000
 19   2 0.00000000000000000000
 20   2 0.00000000000000000000
 21   2 0.00000000000000000000
 22   2 0.00000000000000000000
 23   2 0.00000000000000000000
 24   2 0.00000000000000000000
 25   2 0.00000000000000000000
 26   2 0.00000000000000000000
 27   2 0.00000000000000000000
 28   2 0.00000000000000000000
 29   2 0.00000000000000000000
 30   2 0.00000000000000000000
 31   2 0.00000000000000000000
 32   2 0.00000000000000000000
 33   2 0.00000000000000000000
 34   2 0.00000000000000000000
 35   2 0.00000000000000000000
 36   2 0.00000000000000000000
 37   2 0.00000000000000000000
 38   2 0.00000000000000000000
 39   2 0.00000000000000000000
 40   2 0.00000000000000000000
 41   2 0.00000000000000000000
 42   2 0.00000000000000000000
 43   2 0.00000000000000000000
 44   2 0.00000000000000000000
 45   2 0.00000000000000000000
 46   2 0.00000000000000000000
 47   2 0.00000000000000000000
 48   2 0.00000000000000000000
 49   2 0.00000000000000000000
 50   2 0.00000000000000000000
 51   2 0.00000000000000000000
 52   2 0.00000000000000000000
 53   2 0.00000000000000000000
 54   2 0.00000000000000000000
 55   2 0.00000000000000000000
 56   2 0.00000000000000000000
 57   2 0.00000000000000000000
 58   2 0.00000000000000000000
 59   2 0.00000000000000000000
 60   2 0.00000000000000000000
 61   2 0.00000000000000000000
 62   2 0.00000000000000000000
 63   2 0.00000000000000000000
 64   2 0.00000000000000000000
 65   2 0.00000000000000000000
 66   2 0.00000000000000000000
 67   2 0.00000000000000000000
 68   2 0.00000000000000000000
 69   2 0.00000000000000000000
 70   2 0.00000000000000000000
 71   2 0.00000000000000000000
 72   2 0.00000000000000000000
 73   2 0.00000000000000000000
 74   2 0.00000000000000000000
 75   2 0.00000000000000000000
 76   2 0.00000000000000000000
 77   2 0.00000000000000000000
 78   2 0.00000000000000000000
 79   2 0.00000000000000000000
 80   2 0.00000000000000000000
 81   2 0.00000000000000000000
 82   2 0.00000000000000000000
 83   2 0.00000000000000000000
 84   2 0.00000000000000000000
 85   2 0.00000000000000000000
 86   2 0.00000000000000000000
 87   2 0.00000000000000000000
 88   2 0.00000000000000000000
 89   2 0.00000000000000000000
 90   2 0.00000000000000000000
 91   2 0.00000000000000000000
 92   2 0.00000000000000000000
 93   2 0.00000000000000000000
 94   2 0.00000000000000000000
 95   2 0.00000000000000000000
 96   2 0.00000000000000000000
 97   2 0.00000000000000000000
 98   2 0.00000000000000000000
 99   2 0.00000000000000000000
100   2 0.00000000000000000000
  0   3 -6.32405849183527024593
  1   3 -6.65288645380337495538
  2   3 -7.49421165054278937134
  3   3 -5.38084325610533031892
  4   3 -4.76578280161015754857
  5   3 -4.83981987868797958185
  6   3 -4.53116838261004062360
  7   3 -4.55051822024553054291
  8   3 -5.26050750659217225547
  9   3 -3.79320251607980951647
 10   3 -3.36675135902558153589
 11   3 -3.24959502278293888011
 12   3 -2.66491956548631936386
 13   3 -2.66783155862120935353
 14   3 -2.60564785889532934959
 15   3 -1.92126255835200221433
 16   3 -1.56750548329442418449
 17   3 -1.53212145335846172678
 18   3 -1.13053747707804874700
 19   3 -1.32521204999809505409
 20   3 -0.89470888045615915019
 21   3 0.00000000000000000000
 22   3 0.00000000000000000000
 23   3 0.00000000000000000000
 24   3 0.00000000000000000000
 25   3 0.00000000000000000000
 26   3 0.00000000000000000000
 27   3 0.00000000000000000000
 28   3 0.00000000000000000000
 29   3 0.00000000000000000000
 30   3 0.00000000000000000000
 31   3 0.00000000000000000000
 32   3 0.00000000000000000000
 33   3 0.00000000000000000000
 34   3 0.00000000000000000000
 35   3 0.00000000000000000000
 36   3 0.00000000000000000000
 37   3 0.00000000000000000000
 38   3 0.00000000000000000000
 39   3 0.00000000000000000000
 40   3 0.00000000000000000000
 41   3 0.00000000000000000000
 42   3 0.00000000000000000000
 43   3 0.00000000000000000000
 44   3 0.00000000000000000000
 45   3 0.00000000000000000000
 46   3 0.00000000000000000000
 47   3 0.00000000000000000000
 48   3 0.00000000000000000000
 49   3 0.00000000000000000000
 50   3 0.00000000000000000000
 51   3 0.00000000000000000000
 52   3 0.00000000000000000000
 53   3 0.00000000000000000000
 54   3 0.00000000000000000000
 55   3 0.00000000000000000000
 56   3 0.00000000000000000000
 57   3 0.00000000000000000000
 58   3 0.00000000000000000000
 59   3 0.00000000000000000000
 60   3 0.00000000000000000000
 61   3 0.00000000000000000000
 62   3 0.00000000000000000000
 63   3 0.00000000000000000000
 64   3 0.00000000000000000000
 65   3 0.00000000000000000000
 66   3 0.00000000000000000000
 67   3 0.00000000000000000000
 68   3 0.00000000000000000000
 69   3 0.00000000000000000000
 70   3 0.00000000000000000000
 71   3 0.00000000000000000000
 72   3 0.00000000000000000000
 73   3 0.00000000000000000000
 74   3 0.00000000000000000000
 75   3 0.00000000000000000000
 76   3 0.00000000000000000000
 77   3 0.00000000000000000000
 78   3 0.00000000000000000000
 79   3 0.00000000000000000000
 80   3 0.00000000000000000000
 81   3 0.00000000000000000000
 82   3 0.00000000000000000000
 83   3 0.00000000000000000000
 84   3 0.00000000000000000000
 85   3 0.00000000000000000000
 86   3 0.00000000000000000000
 87   3 0.00000000000000000000
 88   3 0.00000000000000000000
 89   3 0.00000000000000000000
 90   3 0.00000000000000000000
 91   3 0.00000000000000000000
 92   3 0.00000000000000000000
 93   3 0.00000000000000000000
 94   3 0.00000000000000000000
 95   3 0.00000000000000000000
 96   3 0.00000000000000000000
 97   3 0.00000000000000000000
 98   3 0.00000000000000000000
 99   3 0.00000000000000000000
100   3 0.00000000000000000000
  0   4 -8.37417528441319980459
  1   4 -8.91472904157518364343
  2   4 -9.04210662339942849997
  3   4 -7.36877570705727613642
  4   4 -7.57927172843735963426
  5   4 -6.56778388162178483611
  6   4 -7.67401108819801347494
  7   4 -6.55269177247014944498
  8   4 -6.18405757422923407773
  9   4 -6.05577165851640497607
 10   4 -5.45685221464368730437
 11   4 -5.06160761760809219112
 12   4 -5.30506699805140335968
 13   4 -4.12246975773676105348
 14   4 -4.25434901010683130806
 15   4 -4.44385270888618766350
 16   4 -3.87706955886762472119
 17   4 -4.49002571082798596080
 18   4 -2.94636130125815087766
 19   4 -2.99126403950287089728
 20   4 -2.55145818875554342142
 21   4 -2.63565064877105736940
 22   4 -1.99654423278503756478
 23   4 -1.84328185914276021506
 24   4 -1.00828879405468607722
 25   4 -0.79713190856133242512
 26   4 -0.87556945040363998167
 27   4 -0.65561705709599471525
 28   4 0.00000000000000000000
 29   4 0.00000000000000000000
 30   4 0.00000000000000000000
 31   4 0.00000000000000000000
 32   4 0.00000000000000000000
 33   4 0.00000000000000000000
 34   4 0.00000000000000000000
 35   4 0.00000000000000000000
 36   4 0.00000000000000000000
 37   4 0.00000000000000000000
 38   4 0.00000000000000000000
 39   4 0.00000000000000000000
 40   4 0.00000000000000000000
 41   4 0.00000000000000000000
 42   4 0.00000000000000000000
 43   4 0.00000000000000000000
 44   4 0.00000000000000000000
 45   4 0.00000000000000000000
 46   4 0.00000000000000000000
 47   4 0.00000000000000000000
 48   4 0.00000000000000000000
 49   4 0.00000000000000000000
 50   4 0.00000000000000000000
 51   4 0.00000000000000000000
 52   4 0.00000000000000000000
 53   4 0.00000000000000000000
 54   4 0.00000000000000000000
 55   4 0.00000000000000000000
 56   4 0.00000000000000000000
 57   4 0.00000000000000000000
 58   4 0.00000000000000000000
 59   4 0.00000000000000000000
 60   4 0.00000000000000000000
 61   4 0.00000000000000000000
 62   4 0.00000000000000000000
 63   4 0.00000000000000000000
 64   4 0.00000000000000000000
 65   4 0.00000000000000000000
 66   4 0.00000000000000000000
 67   4 0.00000000000000000000
 68   4 0.00000000000000000000
 69   4 0.00000000000000000000
 70   4 0.00000000000000000000
 71   4 0.00000000000000000000
 72   4 0.00000000000000000000
 73   4 0.00000000000000000000
 74   4 0.00000000000000000000
 75   4 0.00000000000000000000
 76   4 0.00000000000000000000
 77   4 0.00000000000000000000
 78   4 0.00000000000000000000
 79   4 0.00000000000000000000
 80   4 0.00000000000000000000
 81   4 0.00000000000000000000
 82   4 0.00000000000000000000
 83   4 0.00000000000000000000
 84   4 0.00000000000000000000
 85   4 0.00000000000000000000
 86   4 0.00000000000000000000
 87   4 0.00000000000000000000
 88   4 0.00000000000000000000
 89   4 0.00000000000000000000
 90   4 0.00000000000000000000
 91   4 0.00000000000000000000
 92   4 0.00000000000000000000
 93   4 0.00000000000000000000
 94   4 0.00000000000000000000
 95   4 0.00000000000000000000
 96   4 0.00000000000000000000
 97   4 0.00000000000000000000
 98   4 0.00000000000000000000
 99   4 0.00000000000000000000
100   4 0.00000000000000000000
  0   5 -11.38468009749255394070
  1   5 -11.33652054029749223218
  2   5 -9.47372165575999858333
  3   5 -10.39809068732496299958
  4   5 -10.43027215283921016464
  5   5 -9.01100747565447690590
  6   5 -8.61278902028197279606
  7   5 -8.69777904269246704416
  8   5 -8.61917230076955931395
  9   5 -8.08263266903464661084
 10   5 -7.71698615332760518015
 11   5 -7.38677911336557713184
 12   5 -6.83543599429541259838
 13   5 -8.00224024848228410178
 14   5 -6.01763209863552450685
 15   5 -7.86540546945326379813
 16   5 -6.13655383672109611126
 17   5 -5.82200351713583419411
 18   5 -5.31754762363478583609
 19   5 -4.86989549726825110554
 20   5 -4.73418618472346164339
 21   5 -4.29501354821428460440
 22   5 -4.17174791339798289869
 23   5 -3.42456489487488813239
 24   5 -3.56779759972154186798
 25   5 -3.72579213555092270127
 26   5 -2.83833892639859985962
 27   5 -2.98425457801700533267
 28   5 -2.35171362545967266300
 29   5 -1.95052900260608086391
 30   5 -2.16969809617149289593
 31   5 -0.99693851199956662335
 32   5 -1.57451830128982250834
 33   5 -0.49130620341485070623
 34   5 -0.09503526680683881123
 35   5 0.00000000000000000000
 36   5 0.00000000000000000000
 37   5 0.00000000000000000000
 38   5 0.00000000000000000000
 39   5 0.00000000000000000000
 40   5 0.00000000000000000000
 41   5 0.00000000000000000000
 42   5 0.00000000000000000000
 43   5 0.00000000000000000000
 44   5 0.00000000000000000000
 45   5 0.00000000000000000000
 46   5 0.00000000000000000000
 47   5 0.00000000000000000000
 48   5 0.00000000000000000000
 49   5 0.00000000000000000000
 50   5 0.00000000000000000000
 51   5 0.00000000000000000000
 52   5 0.00000000000000000000
 53   5 0.00000000000000000000
 54   5 0.00000000000000000000
 55   5 0.00000000000000000000
 56   5 0.00000000000000000000
 57   5 0.00000000000000000000
 58   5 0.00000000000000000000
 59   5 0.00000000000000000000
 60   5 0.00000000000000000000
 61   5 0.00000000000000000000
 62   5 0.00000000000000000000
 63   5 0.00000000000000000000
 64   5 0.00000000000000000000
 65   5 0.00000000000000000000
 66   5 0.00000000000000000000
 67   5 0.00000000000000000000
 68   5 0.00000000000000000000
 69   5 0.00000000000000000000
 70   5 0.00000000000000000000
 71   5 0.00000000000000000000
 72   5 0.00000000000000000000
 73   5 0.00000000000000000000
 74   5 0.00000000000000000000
 75   5 0.00000000000000000000
 76   5 0.00000000000000000000
 77   5 0.00000000000000000000
 78   5 0.00000000000000000000
 79   5 0.00000000000000000000
 80   5 0.00000000000000000000
 81   5 0.00000000000000000000
 82   5 0.00000000000000000000
 83   5 0.00000000000000000000
 84   5 0.00000000000000000000
 85   5 0.00000000000000000000
 86   5 0.00000000000000000000
 87   5 0.00000000000000000000
 88   5 0.00000000000000000000
 89   5 0.00000000000000000000
 90   5 0.00000000000000000000
 91   5 0.00000000000000000000
 92   5 0.00000000000000000000
 93   5 0.00000000000000000000
 94   5 0.00000000000000000000
 95   5 0.00000000000000000000
 96   5 0.00000000000000000000
 97   5 0.00000000000000000000
 98   5 0.00000000000000000000
 99   5 0.00000000000000000000
100   5 0.00000000000000000000
  0   6 -13.34372319912522009133
  1   6 -12.28837901904923946006
  2   6 -13.28309573836494728027
  3   6 -12.04210562490812286285
  4   6 -11.51331300489955822286
  5   6 -11.97706208087099355453
  6   6 -10.61758740885201035553
  7   6 -11.31092679155606361974
  8   6 -11.41144811488978128011
  9   6 -10.20893098252306252505
 10   6 -9.39585198788111419788
 11   6 -9.49460394385994277400
 12   6 -9.86596159373481640387
 13   6 -8.44989863329229429212
 14   6 -8.21180788081546175761
 15   6 -8.58689857663301658874
 16   6 -7.63758228965404040167
 17   6 -8.02494939705904464233
 18   6 -7.45209289477334646534
 19   6 -7.86680275067139600509
 20   6 -7.96862716503152945791
 21   6 -6.73669660422346261441
 22   6 -5.98619427054343677952
 23   6 -5.53018462241854091843
 24   6 -5.53108030071194445298
 25   6 -5.47614276029567914605
 26   6 -4.75544457491806760174
 27   6 -4.70223480875435040360
 28   6 -4.05283758336005295320
 29   6 -4.18931342499618608599
 30   6 -3.66935465091795043335
 31   6 -3.72262466711705020117
 32   6 -4.34501495430855211310
 33   6 -2.55563716923456096808
 34   6 -2.22879384968707361381
 35   6 -2.12089063634233676581
 36   6 -2.80197664065915086340
 37   6 -1.75593956807289641731
 38   6 -1.39041944281095353197
 39   6 -3.36456976168423205209
 40   6 -0.64586201042622048973
 41   6 -0.57081489785176531271
 42   6 0.00000000000000000000
 43   6 0.00000000000000000000
 44   6 0.00000000000000000000
 45   6 0.00000000000000000000
 46   6 0.00000000000000000000
 47   6 0.00000000000000000000
 48   6 0.00000000000000000000
 49   6 0.00000000000000000000
 50   6 0.00000000000000000000
 51   6 0.00000000000000000000
 52   6 0.00000000000000000000
 53   6 0.00000000000000000000
 54   6 0.00000000000000000000
 55   6 0.00000000000000000000
 56   6 0.00000000000000000000
 57   6 0.00000000000000000000
 58   6 0.00000000000000000000
 59   6 0.00000000000000000000
 60   6 0.00000000000000000000
 61   6 0.00000000000000000000
 62   6 0.00000000000000000000
 63   6 0.00000000000000000000
 64   6 0.00000000000000000000
 65   6 0.00000000000000000000
 66   6 0.00000000000000000000
 67   6 0.00000000000000000000
 68   6 0.00000000000000000000
 69   6 0.00000000000000000000
 70   6 0.00000000000000000000
 71   6 0.00000000000000000000
 72   6 0.00000000000000000000
 73   6 0.00000000000000000000
 74   6 0.00000000000000000000
 75   6 0.00000000000000000000
 76   6 0.00000000000000000000
 77   6 0.00000000000000000000
 78   6 0.00000000000000000000
 79   6 0.00000000000000000000
 80   6 0.00000000000000000000
 81   6 0.00000000000000000000
 82   6 0.00000000000000000000
 83   6 0.00000000000000000000
 84   6 0.00000000000000000000
 85   6 0.00000000000000000000
 86   6 0.00000000000000000000
 87   6 0.00000000000000000000
 88   6 0.00000000000000000000
 89   6 0.00000000000000000000
 90   6 0.00000000000000000000
 91   6 0.00000000000000000000
 92   6 0.00000000000000000000
 93   6 0.00000000000000000000
 94   6 0.00000000000000000000
 95   6 0.00000000000000000000
 96   6 0.00000000000000000000
 97   6 0.00000000000000000000
 98   6 0.00000000000000000000
 99   6 0.00000000000000000000
100   6 0.00000000000000000000
  0   7 -14.36315806633701086525
  1   7 -13.93891513510667579112
  2   7 -13.96866990321732160396
  3   7 -14.19511480700699657120
  4   7 -13.23402650003660419031
  5   7 -13.84943141899766594349
  6   7 -13.01230553469278738987
  7   7 -13.30726984242715182916
  8   7 -12.82190396963997081059
  9   7 -11.84326402715055515102
 10   7 -11.63356994501590691016
 11   7 -11.41081231624378311551
 12   7 -11.75428620938642154670
 13   7 -10.52118766383154557786
 14   7 -10.08333546052947404803
 15   7 -10.32238671715051658850
 16   7 -10.19926733376002658815
 17   7 -9.40782061756023324506
 18   7 -9.09826971892627334171
 19   7 -8.95721605725761271799
 20   7 -8.72813115547822881979
 21   7 -8.42750735278864127054
 22   7 -8.85207352033835270788
 23   7 -7.53518188834335056470
 24   7 -7.57555480384024004792
 25   7 -7.11869164813930854763
 26   7 -7.28186040563499137335
 27   7 -7.21063031872335891137
 28   7 -6.38063179211965714188
 29   7 -6.95559886861417631110
 30   7 -5.67903091391334413629
 31   7 -5.21866417588845443731
 32   7 -5.05550404431596689392
 33   7 -4.89083017538680309144
 34   7 -4.22067792546421394206
 35   7 -4.80461126498889878889
 36   7 -5.31578676816304440678
 37   7 -4.86649963884477809728
 38   7 -4.61199441482118288604
 39   7 -3.98776479013850826405
 40   7 -2.68524284190009332463
 41   7 -3.04570632262293461423
 42   7 -3.71551495320257885169
 43   7 -2.27922452739238412533
 44   7 -1.78519505215427320977
 45   7 -1.13813191890215081870
 46   7 -1.03651076930079311111
 47   7 -0.53961303452729059149
 48   7 -0.56256409513224059360
 49   7 0.00000000000000000000
 50   7 0.00000000000000000000
 51   7 0.00000000000000000000
 52   7 0.00000000000000000000
 53   7 0.00000000000000000000
 54   7 0.00000000000000000000
 55   7 0.00000000000000000000
 56   7 0.00000000000000000000
 57   7 0.00000000000000000000
 58   7 0.00000000000000000000
 59   7 0.00000000000000000000
 60   7 0.00000000000000000000
 61   7 0.00000000000000000000
 62   7 0.00000000000000000000
 63   7 0.00000000000000000000
 64   7 0.00000000000000000000
 65   7 0.00000000000000000000
 66   7 0.00000000000000000000
 67   7 0.00000000000000000000
 68   7 0.00000000000000000000
 69   7 0.00000000000000000000
 70   7 0.00000000000000000000
 71   7 0.00000000000000000000
 72   7 0.00000000000000000000
 73   7 0.00000000000000000000
 74   7 0.00000000000000000000
 75   7 0.00000000000000000000
 76   7 0.00000000000000000000
 77   7 0.00000000000000000000
 78   7 0.00000000000000000000
 79   7 0.00000000000000000000
 80   7 0.00000000000000000000
 81   7 0.00000000000000000000
 82   7 0.00000000000000000000
 83   7 0.00000000000000000000
 84   7 0.00000000000000000000
 85   7 0.00000000000000000000
 86   7 0.00000000000000000000
 87   7 0.00000000000000000000
 88   7 0.00000000000000000000
 89   7 0.00000000000000000000
 90   7 0.00000000000000000000
 91   7 0.00000000000000000000
 92   7 0.00000000000000000000
 93   7 0.00000000000000000000
 94   7 0.00000000000000000000
 95   7 0.00000000000000000000
 96   7 0.00000000000000000000
 97   7 0.00000000000000000000
 98   7 0.00000000000000000000
 99   7 0.00000000000000000000
100   7 0.00000000000000000000
  0   8 -16.26069039806847627005
  1   8 -17.28575303224036474603
  2   8 -16.41255991262545776976
  3   8 -16.54257595811457548507
  4   8 -15.35223085443450408150
  5   8 -15.57054685299710605761
  6   8 -14.95993977058406798619
  7   8 -15.13620335133957617302
  8   8 -14.52078371615758989321
  9   8 -14.40151285515988988095
 10   8 -13.53648117012365403866
 11   8 -13.45547985840386040479
 12   8 -13.52147302642031689857
 13   8 -13.93971167562247792659
 14   8 -12.20978417104347002464
 15   8 -12.25988284119274851491
 16   8 -12.06989853465266904209
 17   8 -11.88457505709763140089
 18   8 -11.91457660415343688953
 19   8 -11.66007805573938149735
 20   8 -10.92054622559115450997
 21   8 -10.38160863600628580627
 22   8 -10.34384077556729941705
 23   8 -9.45417173230306318032
 24   8 -9.79275111380550633555
 25   8 -9.20031091658714572645
 26   8 -9.69408969770981343572
 27   8 -8.94340659158174489107
 28   8 -8.60745957690042118315
 29   8 -8.18392048135899408123
 30   8 -7.40518110272625662560
 31   8 -6.89269742501398141599
 32   8 -7.14848430800818590569
 33   8 -6.70552700798287659723
 34   8 -6.60203079596618991332
 35   8 -5.85019144236060562037
 36   8 -5.94433938582868481859
 37   8 -5.66069371917666064320
 38   8 -5.54341045818778077603
 39   8 -5.43662188042770555541
 40   8 -4.62568675834986731132
 41   8 -4.89713873979416991489
 42   8 -3.98472813032812700484
 43   8 -4.18287580439746164984
 44   8 -4.03181590811310375244
 45   8 -3.55285849160434619165
 46   8 -3.02593202301328467740
 47   8 -2.58819200939603444311
 48   8 -2.66488972667808843298
 49   8 -1.96667230517602886763
 50   8 -2.72448921299420909747
 51   8 -1.62830240624905941971
 52   8 -1.49889724405783919536
 53   8 -1.78804068772934332543
 54   8 -0.63035879996826238436
 55   8 -0.27429729943846720142
 56   8 0.00000000000000000000
 57   8 0.00000000000000000000
 58   8 0.00000000000000000000
 59   8 0.00000000000000000000
 60   8 0.00000000000000000000
 61   8 0.00000000000000000000
 62   8 0.00000000000000000000
 63   8 0.00000000000000000000
 64   8 0.00000000000000000000
 65   8 0.00000000000000000000
 66   8 0.00000000000000000000
 67   8 0.00000000000000000000
 68   8 0.00000000000000000000
 69   8 0.00000000000000000000
 70   8 0.00000000000000000000
 71   8 0.00000000000000000000
 72   8 0.00000000000000000000
 73   8 0.00000000000000000000
 74   8 0.00000000000000000000
 75   8 0.00000000000000000000
 76   8 0.00000000000000000000
 77   8 0.00000000000000000000
 78   8 0.00000000000000000000
 79   8 0.00000000000000000000
 80   8 0.00000000000000000000
 81   8 0.00000000000000000000
 82   8 0.00000000000000000000
 83   8 0.00000000000000000000
 84   8 0.00000000000000000000
 85   8 0.00000000000000000000
 86   8 0.00000000000000000000
 87   8 0.00000000000000000000
 88   8 0.00000000000000000000
 89   8 0.00000000000000000000
 90   8 0.00000000000000000000
 91   8 0.00000000000000000000
 92   8 0.00000000000000000000
 93   8 0.00000000000000000000
 94   8 0.00000000000000000000
 95   8 0.00000000000000000000
 96   8 0.00000000000000000000
 97   8 0.00000000000000000000
 98   8 0.00000000000000000000
 99   8 0.00000000000000000000
100   8 0.00000000000000000000
  0   9 -16.26069039806847627005
  1   9 -17.28575303224036474603
  2   9 -16.41255991262545776976
  3   9 -16.54257595811457548507
  4   9 -16.06599481481420710338
  5   9 -15.78309280221975186009
  6   9 -15.93186500043076136990
  7   9 -15.78937216145636668330
  8   9 -15.86267721958127729920
  9   9 -16.12284575035412359512
 10   9 -15.49399334734243005585
 11   9 -15.32335081587008929205
 12   9 -15.32957445136276497522
 13   9 -14.51455619548124609253
 14   9 -14.36154622376051825938
 15   9 -14.15315564401957182383
 16   9 -14.15034833360266475211
 17   9 -13.81996708003605789372
 18   9 -13.19269153307073061399
 19   9 -14.22090719949749271223
 20   9 -13.15923293226819446033
 21   9 -12.90293163696372680249
 22   9 -12.11029381527178117040
 23   9 -12.22325270666903307415
 24   9 -11.18229122015107357413
 25   9 -11.33414318674575582691
 26   9 -11.13672079333841224980
 27   9 -11.14902278808979296798
 28   9 -10.09084277287439412873
 29   9 -10.38565651388777766329
 30   9 -9.73890228806054381039
 31   9 -9.27263350119617335565
 32   9 -9.51000607320077229190
 33   9 -8.56190048483443355565
 34   9 -8.84301475371361433986
 35   9 -8.33538816455563669194
 36   9 -8.34834423600879205196
 37   9 -7.90185321016544151007
 38   9 -8.88007094345506686750
 39   9 -7.69988002509837876630
 40   9 -7.12997858066790879406
 41   9 -6.54808651277347220088
 42   9 -5.81596335237902373194
 43   9 -6.19661283086725678260
 44   9 -5.81515664203197246707
 45   9 -5.69992860630547149015
 46   9 -5.19164781389713692050
 47   9 -5.08933814857112132302
 48   9 -5.21016772514389003845
 49   9 -4.54410281251336467534
 50   9 -4.19670999651568532585
 51   9 -4.45655711881247107442
 52   9 -3.19733530112152086744
 53   9 -3.02761630309072860001
 54   9 -3.08826305615656915293
 55   9 -2.16142450483766168645
 56   9 -1.77111246467513905323
 57   9 -1.80038526997431858057
 58   9 -2.03147312058955176184
 59   9 -4.09069541279398762867
 60   9 -1.63202969736672920398
 61   9 -0.78308864666046917868
 62   9 -0.34373004203861207140
 63   9 0.00000000000000000000
 64   9 0.00000000000000000000
 65   9 0.00000000000000000000
 66   9 0.00000000000000000000
 67   9 0.00000000000000000000
 68   9 0.00000000000000000000
 69   9 0.00000000000000000000
 70   9 0.00000000000000000000
 71   9 0.00000000000000000000
 72   9 0.00000000000000000000
 73   9 0.00000000000000000000
 74   9 0.00000000000000000000
 75   9 0.00000000000000000000
 76   9 0.00000000000000000000
 77   9 0.00000000000000000000
 78   9 0.00000000000000000000
 79   9 0.00000000000000000000
 80   9 0.00000000000000000000
 81   9 0.00000000000000000000
 82   9 0.00000000000000000000
 83   9 0.00000000000000000000
 84   9 0.00000000000000000000
 85   9 0.00000000000000000000
 86   9 0.00000000000000000000
 87   9 0.00000000000000000000
 88   9 0.00000000000000000000
 89   9 0.00000000000000000000
 90   9 0.00000000000000000000
 91   9 0.00000000000000000000
 92   9 0.00000000000000000000
 93   9 0.00000000000000000000
 94   9 0.00000000000000000000
 95   9 0.00000000000000000000
 96   9 0.00000000000000000000
 97   9 0.00000000000000000000
 98   9 0.00000000000000000000
 99   9 0.00000000000000000000
100   9 0.00000000000000000000
  0  10 -16.26069039806847627005
  1  10 -17.28575303224036474603
  2  10 -16.41255991262545776976
  3  10 -16.54257595811457548507
  4  10 -16.06599481481420710338
  5  10 -15.78309280221975186009
  6  10 -15.93186500043076136990
  7  10 -15.78937216145636668330
  8  10 -15.86267721958127729920
  9  10 -16.44570665003482545785
 10  10 -16.32992782183553259756
 11  10 -16.02158988904865921654
 12  10 -16.53395524704417951511
 13  10 -16.42086814753096746244
 14  10 -16.51102489359215752529
 15  10 -16.25477843417377954438
 16  10 -15.95187417828346454485
 17  10 -15.76184308382231336054
 18  10 -15.54066094862875857530
 19  10 -15.47832721914997300416
 20  10 -15.57995900278630685420
 21  10 -14.55942354389345183563
 22  10 -14.54846073063572475803
 23  10 -14.49514233255683670620
 24  10 -13.87344394639457156870
 25  10 -13.87483034738613341119
 26  10 -13.69944522981734280620
 27  10 -12.84884227186572402957
 28  10 -12.73068065762570455490
 29  10 -12.11323277787238872349
 30  10 -12.05532436262438977792
 31  10 -12.62962166939328056969
 32  10 -11.45924986177040949542
 33  10 -11.53139263264807823361
 34  10 -10.50311398074653190804
 35  10 -10.55373825964077205697
 36  10 -10.29521773604254875067
 37  10 -10.33361582693895819318
 38  10 -9.93010569474705384607
 39  10 -10.08970151829869266180
 40  10 -8.67324027653670626137
 41  10 -8.81022505875166750400
 42  10 -9.22864041009045088515
 43  10 -8.20275838687525293835
 44  10 -7.72481717928579136867
 45  10 -8.09787711985542912885
 46  10 -7.19190286295038294639
 47  10 -7.19858661449821024547
 48  10 -7.86373707606620175881
 49  10 -6.15983528923392675836
 50  10 -6.16809868845186404229
 51  10 -5.97037192620532408682
 52  10 -6.25234366670212438066
 53  10 -5.81495061305424254527
 54  10 -5.66668609662188149656
 55  10 -4.55384621757713237145
 56  10 -4.34939035666785045464
 57  10 -4.34158903208965618603
 58  10 -4.19535773226309327555
 59  10 -3.83847105162645396703
 60  10 -3.15355168118056194970
 61  10 -3.72997287072112104767
 62  10 -2.77216480128717757125
 63  10 -2.10516149578005284937
 64  10 -1.72163444459624082050
 65  10 -1.66727196493376639275
 66  10 -1.52782032509162557510
 67  10 -1.02276282819966435333
 68  10 -0.74686919902619108846
 69  10 -0.26127740499524826356
 70  10 0.00000000000000000000
 71  10 0.00000000000000000000
 72  10 0.00000000000000000000
 73  10 0.00000000000000000000
 74  10 0.00000000000000000000
 75  10 0.00000000000000000000
 76  10 0.00000000000000000000
 77  10 0.00000000000000000000
 78  10 0.00000000000000000000
 79  10 0.00000000000000000000
 80  10 0.00000000000000000000
 81  10 0.00000000000000000000
 82  10 0.00000000000000000000
 83  10 0.00000000000000000000
 84  10 0.00000000000000000000
 85  10 0.00000000000000000000
 86  10 0.00000000000000000000
 87  10 0.00000000000000000000
 88  10 0.00000000000000000000
 89  10 0.00000000000000000000
 90  10 0.00000000000000000000
 91  10 0.00000000000000000000
 92  10 0.00000000000000000000
 93  10 0.00000000000000000000
 94  10 0.00000000000000000000
 95  10 0.00000000000000000000
 96  10 0.00000000000000000000
 97  10 0.00000000000000000000
 98  10 0.00000000000000000000
 99  10 0.00000000000000000000
100  10 0.00000000000000000000
  0  11 -16.26069039806847627005
  1  11 -17.28575303224036474603
  2  11 -16.41255991262545776976
  3  11 -16.54257595811457548507
  4  11 -16.06599481481420710338
  5  11 -15.78309280221975186009
  6  11 -15.93186500043076136990
  7  11 -15.78937216145636668330
  8  11 -15.86267721958127729920
  9  11 -16.44570665003482545785
 10  11 -16.32992782183553259756
 11  11 -16.02158988904865921654
 12  11 -16.53395524704417951511
 13  11 -16.42086814753096746244
 14  11 -16.51102489359215752529
 15  11 -16.25477843417377954438
 16  11 -16.78005351891739849179
 17  11 -16.43558021198069241109
 18  11 -16.20868981610287562489
 19  11 -16.33443275374085956742
 20  11 -16.74393156556265793711
 21  11 -16.67001380377935504384
 22  11 -16.59949173762317187197
 23  11 -16.69202007942191556822
 24  11 -15.78006424462734713643
 25  11 -15.59461175169140112473
 26  11 -15.98038847225004488450
 27  11 -15.08841038820072633087
 28  11 -14.84705115473751568800
 29  11 -14.84109823885069090466
 30  11 -14.09854886894656544882
 31  11 -14.12416506682647288073
 32  11 -13.40142720580947965914
 33  11 -13.28133361150254110328
 34  11 -12.39195695533073404704
 35  11 -12.85725276164179753380
 36  11 -12.19558727294018929399
 37  11 -12.26679790619454735179
 38  11 -11.56321321141761693241
 39  11 -11.51113635430035664342
 40  11 -11.36059694691473254125
 41  11 -10.47493712538403620727
 42  11 -10.61447977136669607034
 43  11 -10.28928676210809811664
 44  11 -9.71979375840554737920
 45  11 -10.56346529205114137540
 46  11 -10.07351320593847709972
 47  11 -8.71764480738760205725
 48  11 -9.30175463952049419447
 49  11 -8.44089349186147686055
 50  11 -8.13521616287131976719
 51  11 -7.93119312980696644644
 52  11 -7.52647419999000621971
 53  11 -7.24014577689990979081
 54  11 -7.24535047366872397845
 55  11 -6.35449840317444714088
 56  11 -6.30488795509374888582
 57  11 -6.26965156146922186764
 58  11 -6.11494883622544982416
 59  11 -5.81625101539155853203
 60  11 -5.27352462445889624831
 61  11 -4.52132129076997646422
 62  11 -4.88124671833134637922
 63  11 -4.02527896745650881627
 64  11 -3.86949074994583996912
 65  11 -4.46793441943285429829
 66  11 -3.80547378932895785653
 67  11 -3.19016060888512020810
 68  11 -3.94278914622608045448
 69  11 -2.29712717050559023235
 70  11 -1.78289291639523050925
 71  11 -2.73211569813021037945
 72  11 -3.85191327635831637366
 73  11 -2.17883977684617935466
 74  11 -1.70886882904587600329
 75  11 -0.87702796667626903293
 76  11 -0.27518248766904146452
 77  11 0.00000000000000000000
 78  11 0.00000000000000000000
 79  11 0.00000000000000000000
 80  11 0.00000000000000000000
 81  11 0.00000000000000000000
 82  11 0.00000000000000000000
 83  11 0.00000000000000000000
 84  11 0.00000000000000000000
 85  11 0.00000000000000000000
 86  11 0.00000000000000000000
 87  11 0.00000000000000000000
 88  11 0.00000000000000000000
 89  11 0.00000000000000000000
 90  11 0.00000000000000000000
 91  11 0.00000000000000000000
 92  11 0.00000000000000000000
 93  11 0.00000000000000000000
 94  11 0.00000000000000000000
 95  11 0.00000000000000000000
 96  11 0.00000000000000000000
 97  11 0.00000000000000000000
 98  11 0.00000000000000000000
 99  11 0.00000000000000000000
100  11 0.00000000000000000000
  0  12 -16.26069039806847627005
  1  12 -17.28575303224036474603
  2  12 -16.41255991262545776976
  3  12 -16.54257595811457548507
  4  12 -16.06599481481420710338
  5  12 -15.78309280221975186009
  6  12 -15.93186500043076136990
  7  12 -15.78937216145636668330
  8  12 -15.86267721958127729920
  9  12 -16.44570665003482545785
 10  12 -16.32992782183553259756
 11  12 -16.02158988904865921654
 12  12 -16.53395524704417951511
 13  12 -16.42086814753096746244
 14  12 -16.51102489359215752529
 15  12 -16.25477843417377954438
 16  12 -16.78005351891739849179
 17  12 -16.43558021198069241109
 18  12 -16.20868981610287562489
 19  12 -16.33443275374085956742
 20  12 -16.74393156556265793711
 21  12 -16.67001380377935504384
 22  12 -16.59949173762317187197
 23  12 -16.69202007942191556822
 24  12 -16.76546665362791088683
 25  12 -15.79288499714826876641
 26  12 -15.98038847225004488450
 27  12 -16.98107578692805574860
 28  12 -16.20256033903065784330
 29  12 -16.00073147016859209657
 30  12 -15.84785782555577249298
 31  12 -15.28433777807380167246
 32  12 -15.83099244415147666132
 33  12 -15.74874611338966801100
 34  12 -16.21205854116618638727
 35  12 -14.51358459286186430859
 36  12 -15.36851738337323247663
 37  12 -14.28913398450659499872
 38  12 -14.01441217273712247504
 39  12 -13.14989600200688535381
 40  12 -13.15195403385489925085
 41  12 -12.63082439027993153502
 42  12 -12.30786477382648769208
 43  12 -12.23498154074324340002
 44  12 -12.22661128847386891039
 45  12 -12.32833261420975290434
 46  12 -11.19345205579736202139
 47  12 -12.18213849182463270893
 48  12 -10.66492390703761827808
 49  12 -10.26079318431158782232
 50  12 -10.24344444505673834556
 51  12 -10.32296048309970792900
 52  12 -9.27959503909742444705
 53  12 -10.14161569819002473025
 54  12 -8.86761357758154389330
 55  12 -8.69260009080904083589
 56  12 -7.98022265625557736257
 57  12 -8.73093657514514198681
 58  12 -8.46016453157428038878
 59  12 -8.18153617926956400197
 60  12 -7.17020118133735273602
 61  12 -8.72071055752739709988
 62  12 -7.02766725507322131961
 63  12 -5.81330783376280191277
 64  12 -6.72711232764143751695
 65  12 -6.25603243249704465967
 66  12 -6.15223232274338727166
 67  12 -5.11070408423831867850
 68  12 -4.91620538921578553726
 69  12 -4.37307672244943379525
 70  12 -5.74778691224805804438
 71  12 -4.12372033579422581084
 72  12 -3.79787965895117185511
 73  12 -3.75389391095279689736
 74  12 -3.43916829093418474628
 75  12 -2.76786643367602813726
 76  12 -2.53375039821109160343
 77  12 -2.03354075119869337485
 78  12 -1.92618840686545711449
 79  12 -1.54963672524925133445
 80  12 -1.29468473124453886669
 81  12 -1.41805114811241539385
 82  12 -2.29268024977759887761
 83  12 -0.43851628826746280598
 84  12 0.00000000000000000000
 85  12 0.00000000000000000000
 86  12 0.00000000000000000000
 87  12 0.00000000000000000000
 88  12 0.00000000000000000000
 89  12 0.00000000000000000000
 90  12 0.00000000000000000000
 91  12 0.00000000000000000000
 92  12 0.00000000000000000000
 93  12 0.00000000000000000000
 94  12 0.00000000000000000000
 95  12 0.00000000000000000000
 96  12 0.00000000000000000000
 97  12 0.00000000000000000000
 98  12 0.00000000000000000000
 99  12 0.00000000000000000000
100  12 0.00000000000000000000
  0  13 -16.26069039806847627005
  1  13 -17.28575303224036474603
  2  13 -16.41255991262545776976
  3  13 -16.54257595811457548507
  4  13 -16.06599481481420710338
  5  13 -15.78309280221975186009
  6  13 -15.93186500043076136990
  7  13 -15.78937216145636668330
  8  13 -15.86267721958127729920
  9  13 -16.44570665003482545785
 10  13 -16.32992782183553259756
 11  13 -16.02158988904865921654
 12  13 -16.53395524704417951511
 13  13 -16.42086814753096746244
 14  13 -16.51102489359215752529
 15  13 -16.25477843417377954438
 16  13 -16.78005351891739849179
 17  13 -16.43558021198069241109
 18  13 -16.20868981610287562489
 19  13 -16.33443275374085956742
 20  13 -16.74393156556265793711
 21  13 -16.67001380377935504384
 22  13 -16.59949173762317187197
 23  13 -16.69202007942191556822
 24  13 -16.76546665362791088683
 25  13 -15.79288499714826876641
 26  13 -15.98038847225004488450
 27  13 -16.98107578692805574860
 28  13 -16.20256033903065784330
 29  13 -16.00073147016859209657
 30  13 -15.84785782555577249298
 31  13 -16.55113297289191010009
 32  13 -15.83099244415147666132
 33  13 -16.65360575507038731757
 34  13 -16.21205854116618638727
 35  13 -16.28926260853738838819
 36  13 -15.98554930716216482267
 37  13 -16.43301455974160418805
 38  13 -16.09373473474084903501
 39  13 -15.42589645232686201837
 40  13 -15.46098156565401637863
 41  13 -15.86341836899923407600
 42  13 -14.60770781547649121990
 43  13 -14.45742509653637952738
 44  13 -14.74976581898842731277
 45  13 -13.86367177524503091490
 46  13 -13.13716953596697045725
 47  13 -13.15805968355581434537
 48  13 -12.55844577759022229202
 49  13 -12.97178436854242633558
 50  13 -13.73796877764828039403
 51  13 -12.11416498432827637544
 52  13 -11.98217039671271244572
 53  13 -12.14801454230592447914
 54  13 -11.25160835235030099000
 55  13 -10.36249354494381336167
 56  13 -10.12627592155998179635
 57  13 -10.31917476600287741917
 58  13 -9.80230780926136624487
 59  13 -9.54686248673789705776
 60  13 -10.44343086720165558745
 61  13 -9.16082980390760859279
 62  13 -9.69302645681279884116
 63  13 -8.63505793350906714068
 64  13 -9.29732498038009858021
 65  13 -9.17014074744286311613
 66  13 -7.21163749826054267800
 67  13 -7.55374772921720882835
 68  13 -6.98772287287052673577
 69  13 -6.33493045139829913381
 70  13 -6.63006268956104882761
 71  13 -5.72912825648040513471
 72  13 -6.10353070233966654712
 73  13 -5.99875975435456432194
 74  13 -5.33186564811168395295
 75  13 -4.84915599589456558505
 76  13 -4.39337205033318944913
 77  13 -4.06590473118411832587
 78  13 -4.77922236697274982475
 79  13 -5.13314354615894963274
 80  13 -3.82323460157617667221
 81  13 -2.97058414191936881465
 82  13 -3.75011370126937348957
 83  13 -3.16193289888754192063
 84  13 -2.58443030304979792788
 85  13 -2.49673287457905601627
 86  13 -1.48737408104299184686
 87  13 -1.44420123927142918241
 88  13 -1.80808380142142111069
 89  13 -0.98313381468821314790
 90  13 -0.54349930234288845732
 91  13 0.00000000000000000000
 92  13 0.00000000000000000000
 93  13 0.00000000000000000000
 94  13 0.00000000000000000000
 95  13 0.00000000000000000000
 96  13 0.00000000000000000000
 97  13 0.00000000000000000000
 98  13 0.00000000000000000000
 99  13 0.00000000000000000000
100  13 0.00000000000000000000
  0  14 -16.26069039806847627005
  1  14 -17.28575303224036474603
  2  14 -16.41255991262545776976
  3  14 -16.54257595811457548507
  4  14 -16.06599481481420710338
  5  14 -15.78309280221975186009
  6  14 -15.93186500043076136990
  7  14 -15.78937216145636668330
  8  14 -15.86267721958127729920
  9  14 -16.44570665003482545785
 10  14 -16.32992782183553259756
 11  14 -16.02158988904865921654
 12  14 -16.53395524704417951511
 13  14 -16.42086814753096746244
 14  14 -16.51102489359215752529
 15  14 -16.25477843417377954438
 16  14 -16.78005351891739849179
 17  14 -16.43558021198069241109
 18  14 -16.20868981610287562489
 19  14 -16.33443275374085956742
 20  14 -16.74393156556265793711
 21  14 -16.67001380377935504384
 22  14 -16.59949173762317187197
 23  14 -16.69202007942191556822
 24  14 -16.76546665362791088683
 25  14 -15.79288499714826876641
 26  14 -15.98038847225004488450
 27  14 -16.98107578692805574860
 28  14 -16.20256033903065784330
 29  14 -16.00073147016859209657
 30  14 -15.84785782555577249298
 31  14 -16.55113297289191010009
 32  14 -15.83099244415147666132
 33  14 -16.65360575507038731757
 34  14 -16.21205854116618638727
 35  14 -16.28926260853738838819
 36  14 -15.98554930716216482267
 37  14 -16.43301455974160418805
 38  14 -16.09373473474084903501
 39  14 -16.61958844356882636362
 40  14 -16.10965621242007017599
 41  14 -16.40017520853550792026
 42  14 -16.04386593329337884484
 43  14 -16.10453671265069885976
 44  14 -16.88477214010438842706
 45  14 -15.58446881808515449563
 46  14 -15.83494080533083803175
 47  14 -15.75506650127047159060
 48  14 -15.73598487759577402301
 49  14 -15.76396315814087500939
 50  14 -14.00723675438795723380
 51  14 -14.17043880369329400537
 52  14 -15.21641022319149705311
 53  14 -13.43657103388135531929
 54  14 -12.86343469638497261087
 55  14 -12.89247216571082965686
 56  14 -12.35274621046515797218
 57  14 -13.63469132158946095501
 58  14 -12.20009118903082878660
 59  14 -12.51411456605085348315
 60  14 -11.09494625573509729577
 61  14 -11.01109491061088441199
 62  14 -10.89564276114746910196
 63  14 -10.79350464540413767622
 64  14 -9.61293620682583060955
 65  14 -11.34876152287816175601
 66  14 -9.73326277165331710250
 67  14 -9.31362314066220342568
 68  14 -8.89934145257353570457
 69  14 -8.84929836619173926238
 70  14 -8.29391937251524247188
 71  14 -7.96892552006594101499
 72  14 -7.95438237087645383383
 73  14 -7.20209787299206549704
 74  14 -6.90099244973706671402
 75  14 -6.94123870192143499480
 76  14 -6.70236402342771242502
 77  14 -6.03069432357019064028
 78  14 -5.88036853861420105716
 79  14 -6.62443928141275595323
 80  14 -5.43615418807342631879
 81  14 -6.13054739412416793698
 82  14 -4.90850277737659101973
 83  14 -4.60648199163121585542
 84  14 -4.35831911285081297081
 85  14 -4.53112515314829700230
 86  14 -4.44768439720179742380
 87  14 -3.51233984831630818846
 88  14 -3.84142800464539924121
 89  14 -2.93179053065998918015
 90  14 -2.61365926511988533321
 91  14 -2.56468026384884506541
 92  14 -1.96861376352928862943
 93  14 -2.71577909445515919273
 94  14 -1.18429206726335234379
 95  14 -1.06436008156909567290
 96  14 -0.60456533237404497250
 97  14 -0.65444062536127090013
 98  14 0.00000000000000000000
 99  14 0.00000000000000000000
100  14 0.00000000000000000000
  0  15 -16.26069039806847627005
  1  15 -17.28575303224036474603
  2  15 -16.41255991262545776976
  3  15 -16.54257595811457548507
  4  15 -16.06599481481420710338
  5  15 -15.78309280221975186009
  6  15 -15.93186500043076136990
  7  15 -15.78937216145636668330
  8  15 -15.86267721958127729920
  9  15 -16.44570665003482545785
 10  15 -16.32992782183553259756
 11  15 -16.02158988904865921654
 12  15 -16.53395524704417951511
 13  15 -16.42086814753096746244
 14  15 -16.51102489359215752529
 15  15 -16.25477843417377954438
 16  15 -16.78005351891739849179
 17  15 -16.43558021198069241109
 18  15 -16.20868981610287562489
 19  15 -16.33443275374085956742
 20  15 -16.74393156556265793711
 21  15 -16.67001380377935504384
 22  15 -16.59949173762317187197
 23  15 -16.69202007942191556822
 24  15 -16.76546665362791088683
 25  15 -15.79288499714826876641
 26  15 -15.98038847225004488450
 27  15 -16.98107578692805574860
 28  15 -16.20256033903065784330
 29  15 -16.00073147016859209657
 30  15 -15.84785782555577249298
 31  15 -16.55113297289191010009
 32  15 -15.83099244415147666132
 33  15 -16.65360575507038731757
 34  15 -16.21205854116618638727
 35  15 -16.28926260853738838819
 36  15 -15.98554930716216482267
 37  15 -16.43301455974160418805
 38  15 -16.09373473474084903501
 39  15 -16.61958844356882636362
 40  15 -16.10965621242007017599
 41  15 -16.40017520853550792026
 42  15 -16.04386593329337884484
 43  15 -16.10453671265069885976
 44  15 -16.88477214010438842706
 45  15 -16.52593928489380203928
 46  15 -16.56334900122550379820
 47  15 -16.18922781130371646441
 48  15 -17.01753086062565145653
 49  15 -16.50480220066620162811
 50  15 -16.79342495488182152030
 51  15 -17.18619802126184836766
 52  15 -15.82222508223788537407
 53  15 -15.90048944200780312030
 54  15 -15.50816452219531171863
 55  15 -15.27426260582860173542
 56  15 -13.86246528915321896136
 57  15 -15.48665744413091083231
 58  15 -14.10194380220047349894
 59  15 -14.77621629314965190360
 60  15 -14.10785553311217910277
 61  15 -14.18449711210090846691
 62  15 -13.34043771098158437383
 63  15 -12.37936930230454812829
 64  15 -11.90692813138519667859
 65  15 -12.49002061775446215108
 66  15 -11.76220035968706234542
 67  15 -11.85630661593889279004
 68  15 -11.80324220763350417940
 69  15 -10.73867022489705291832
 70  15 -10.93997736647362906126
 71  15 -10.15737843544638252524
 72  15 -10.06110276083995458407
 73  15 -9.39975347754408474543
 74  15 -10.30808472812794107654
 75  15 -10.50243856214081006328
 76  15 -9.66784896297953366684
 77  15 -8.94190234365441583009
 78  15 -7.76347046970723386750
 79  15 -8.57303226217917391239
 80  15 -7.32391247131489464550
 81  15 -7.63337742034117727741
 82  15 -6.95450144799540925789
 83  15 -7.27654316013175694877
 84  15 -7.02281516937052163740
 85  15 -7.05288458275710716805
 86  15 -6.23038787394771631512
 87  15 -6.73309737775448624575
 88  15 -5.10474673980293403019
 89  15 -5.34127690216618500330
 90  15 -5.33074006314934223383
 91  15 -3.95625609428214719543
 92  15 -4.15320490917018059207
 93  15 -4.21224454069576736970
 94  15 -4.22973290501850218703
 95  15 -3.10407930931168474231
 96  15 -3.40577726659217239202
 97  15 -3.79190832011615341912
 98  15 -2.17128779287755868665
 99  15 -2.25719215522366667415
100  15 -2.96413215568508903175
  0  16 -16.26069039806847627005
  1  16 -17.28575303224036474603
  2  16 -16.41255991262545776976
  3  16 -16.54257595811457548507
  4  16 -16.06599481481420710338
  5  16 -15.78309280221975186009
  6  16 -15.93186500043076136990
  7  16 -15.78937216145636668330
  8  16 -15.86267721958127729920
  9  16 -16.44570665003482545785
 10  16 -16.32992782183553259756
 11  16 -16.02158988904865921654
 12  16 -16.53395524704417951511
 13  16 -16.42086814753096746244
 14  16 -16.51102489359215752529
 15  16 -16.25477843417377954438
 16  16 -16.78005351891739849179
 17  16 -16.43558021198069241109
 18  16 -16.20868981610287562489
 19  16 -16.33443275374085956742
 20  16 -16.74393156556265793711
 21  16 -16.67001380377935504384
 22  16 -16.59949173762317187197
 23  16 -16.69202007942191556822
 24  16 -16.76546665362791088683
 25  16 -15.79288499714826876641
 26  16 -15.98038847225004488450
 27  16 -16.98107578692805574860
 28  16 -16.20256033903065784330
 29  16 -16.00073147016859209657
 30  16 -15.84785782555577249298
 31  16 -16.55113297289191010009
 32  16 -15.83099244415147666132
 33  16 -16.65360575507038731757
 34  16 -16.21205854116618638727
 35  16 -16.28926260853738838819
 36  16 -15.98554930716216482267
 37  16 -16.43301455974160418805
 38  16 -16.09373473474084903501
 39  16 -16.61958844356882636362
 40  16 -16.10965621242007017599
 41  16 -16.40017520853550792026
 42  16 -16.04386593329337884484
 43  16 -16.10453671265069885976
 44  16 -16.88477214010438842706
 45  16 -16.52593928489380203928
 46  16 -16.56334900122550379820
 47  16 -16.18922781130371646441
 48  16 -17.01753086062565145653
 49  16 -16.50480220066620162811
 50  16 -16.79342495488182152030
 51  16 -17.18619802126184836766
 52  16 -17.75859722870136891970
 53  16 -15.90048944200780312030
 54  16 -16.62440132538196024825
 55  16 -16.06245579234473197516
 56  16 -16.46585143538476714298
 57  16 -16.63523527035253835038
 58  16 -16.58314368557050499930
 59  16 -15.52016235119636178297
 60  16 -15.67048073043939560023
 61  16 -15.21875011966944235553
 62  16 -14.66546472080085727896
 63  16 -14.93154211641072315331
 64  16 -13.93671602689204824799
 65  16 -15.14697484606250021955
 66  16 -14.41267529354179188772
 67  16 -13.15995313831717439257
 68  16 -15.39136544922542348957
 69  16 -13.12820736073021343771
 70  16 -12.64534139865023298910
 71  16 -12.23787494208277770724
 72  16 -12.65334021059747549032
 73  16 -11.74105659012773728023
 74  16 -11.31849470019696823897
 75  16 -11.14097360620839616274
 76  16 -11.22603223425436880234
 77  16 -9.68852751855124871838
 78  16 -9.83484395531109001354
 79  16 -9.83910031671947216125
 80  16 -9.91356763173608612760
 81  16 -9.71776450559799265250
 82  16 -9.95236249925102178793
 83  16 -8.78324295036123459113
 84  16 -8.34841716025258229195
 85  16 -7.76701763692963265129
 86  16 -8.06624557797670682646
 87  16 -7.52116807664666087163
 88  16 -7.41951741059586655780
 89  16 -7.21972084152063153795
 90  16 -6.68139602960017509048
 91  16 -9.42522089724433342894
 92  16 -6.26708887210888310193
 93  16 -5.61003322232904544364
 94  16 -6.41839721766064918995
 95  16 -5.57192735607431455236
 96  16 -4.57954039920050348655
 97  16 -4.41594901097138059498
 98  16 -4.09144625656001181824
 99  16 -3.97966592104676086805
100  16 -3.68481276890288445003
  0  17 -16.26069039806847627005
  1  17 -17.28575303224036474603
  2  17 -16.41255991262545776976
  3  17 -16.54257595811457548507
  4  17 -16.06599481481420710338
  5  17 -15.78309280221975186009
  6  17 -15.93186500043076136990
  7  17 -15.78937216145636668330
  8  17 -15.86267721958127729920
  9  17 -16.44570665003482545785
 10  17 -16.32992782183553259756
 11  17 -16.02158988904865921654
 12  17 -16.53395524704417951511
 13  17 -16.42086814753096746244
 14  17 -16.51102489359215752529
 15  17 -16.25477843417377954438
 16  17 -16.78005351891739849179
 17  17 -16.43558021198069241109
 18  17 -16.20868981610287562489
 19  17 -16.33443275374085956742
 20  17 -16.74393156556265793711
 21  17 -16.67001380377935504384
 22  17 -16.59949173762317187197
 23  17 -16.69202007942191556822
 24  17 -16.76546665362791088683
 25  17 -15.79288499714826876641
 26  17 -15.98038847225004488450
 27  17 -16.98107578692805574860
 28  17 -16.20256033903065784330
 29  17 -16.00073147016859209657
 30  17 -15.84785782555577249298
 31  17 -16.55113297289191010009
 32  17 -15.83099244415147666132
 33  17 -16.65360575507038731757
 34  17 -16.21205854116618638727
 35  17 -16.28926260853738838819
 36  17 -15.98554930716216482267
 37  17 -16.43301455974160418805
 38  17 -16.09373473474084903501
 39  17 -16.61958844356882636362
 40  17 -16.10965621242007017599
 41  17 -16.40017520853550792026
 42  17 -16.04386593329337884484
 43  17 -16.10453671265069885976
 44  17 -16.88477214010438842706
 45  17 -16.52593928489380203928
 46  17 -16.56334900122550379820
 47  17 -16.18922781130371646441
 48  17 -17.01753086062565145653
 49  17 -16.50480220066620162811
 50  17 -16.79342495488182152030
 51  17 -17.18619802126184836766
 52  17 -17.75859722870136891970
 53  17 -15.90048944200780312030
 54  17 -16.62440132538196024825
 55  17 -16.06245579234473197516
 56  17 -16.46585143538476714298
 57  17 -16.63523527035253835038
 58  17 -16.58314368557050499930
 59  17 -16.15856077755933384310
 60  17 -16.54511384690365360939
 61  17 -17.35869498283715728348
 62  17 -16.87369476892931530188
 63  17 -16.09961954020679897326
 64  17 -18.16457026072600200450
 65  17 -16.30953872503872403854
 66  17 -15.90404566858397217288
 67  17 -15.57504449253806910747
 68  17 -15.58764513704496046387
 69  17 -16.45154602949156341651
 70  17 -14.57411893708735561859
 71  17 -14.29182262587345952909
 72  17 -14.58609182871266973791
 73  17 -13.28010924726220132186
 74  17 -13.85886269605138565453
 75  17 -13.38500276422933943365
 76  17 -12.57496761687914066385
 77  17 -13.41343027128643505819
 78  17 -12.25421433112109959040
 79  17 -13.12459850135667593918
 80  17 -12.27606005959163404384
 81  17 -10.89248092502535136816
 82  17 -11.89163313901376461956
 83  17 -11.29717512783425625855
 84  17 -10.75863317029780574785
 85  17 -10.01067725548574394168
 86  17 -10.31156857985628505503
 87  17 -10.04031911322121928265
 88  17 -8.88259256812148301208
 89  17 -8.87998520021661263968
 90  17 -8.66759409528469149109
 91  17 -8.92269277167762453473
 92  17 -8.38208837269787920832
 93  17 -7.93299429444293924263
 94  17 -7.83339008122996194317
 95  17 -7.09495363494289499329
 96  17 -7.49512317380350889806
 97  17 -7.22992239675320735870
 98  17 -5.88171477222567418153
 99  17 -6.92514867730732319728
100  17 -5.60218269135382396229
  0  18 -16.26069039806847627005
  1  18 -17.28575303224036474603
  2  18 -16.41255991262545776976
  3  18 -16.54257595811457548507
  4  18 -16.06599481481420710338
  5  18 -15.78309280221975186009
  6  18 -15.93186500043076136990
  7  18 -15.78937216145636668330
  8  18 -15.86267721958127729920
  9  18 -16.44570665003482545785
 10  18 -16.32992782183553259756
 11  18 -16.02158988904865921654
 12  18 -16.53395524704417951511
 13  18 -16.42086814753096746244
 14  18 -16.51102489359215752529
 15  18 -16.25477843417377954438
 16  18 -16.78005351891739849179
 17  18 -16.43558021198069241109
 18  18 -16.20868981610287562489
 19  18 -16.33443275374085956742
 20  18 -16.74393156556265793711
 21  18 -16.67001380377935504384
 22  18 -16.59949173762317187197
 23  18 -16.69202007942191556822
 24  18 -16.76546665362791088683
 25  18 -15.79288499714826876641
 26  18 -15.98038847225004488450
 27  18 -16.98107578692805574860
 28  18 -16.20256033903065784330
 29  18 -16.00073147016859209657
 30  18 -15.84785782555577249298
 31  18 -16.55113297289191010009
 32  18 -15.83099244415147666132
 33  18 -16.65360575507038731757
 34  18 -16.21205854116618638727
 35  18 -16.28926260853738838819
 36  18 -15.98554930716216482267
 37  18 -16.43301455974160418805
 38  18 -16.09373473474084903501
 39  18 -16.61958844356882636362
 40  18 -16.10965621242007017599
 41  18 -16.40017520853550792026
 42  18 -16.04386593329337884484
 43  18 -16.10453671265069885976
 44  18 -16.88477214010438842706
 45  18 -16.52593928489380203928
 46  18 -16.56334900122550379820
 47  18 -16.18922781130371646441
 48  18 -17.01753086062565145653
 49  18 -16.50480220066620162811
 50  18 -16.79342495488182152030
 51  18 -17.18619802126184836766
 52  18 -17.75859722870136891970
 53  18 -15.90048944200780312030
 54  18 -16.62440132538196024825
 55  18 -16.06245579234473197516
 56  18 -16.46585143538476714298
 57  18 -16.63523527035253835038
 58  18 -16.58314368557050499930
 59  18 -16.15856077755933384310
 60  18 -16.54511384690365360939
 61  18 -17.35869498283715728348
 62  18 -16.87369476892931530188
 63  18 -16.09961954020679897326
 64  18 -18.16457026072600200450
 65  18 -16.30953872503872403854
 66  18 -16.85819848057519010354
 67  18 -15.99374781768278452887
 68  18 -16.43307235725235670998
 69  18 -16.45154602949156341651
 70  18 -16.08681482591595823806
 71  18 -15.95297420478556382761
 72  18 -17.61016755710879877483
 73  18 -15.97525832995917838275
 74  18 -15.56657086884975527141
 75  18 -15.62268461013304410301
 76  18 -14.97147221712254605563
 77  18 -14.74867378797316419536
 78  18 -14.01161433575609294166
 79  18 -13.69608663481993282574
 80  18 -13.72614164803004754845
 81  18 -13.14983395170655100515
 82  18 -12.81541399237297795821
 83  18 -12.90479708807238523605
 84  18 -13.11015117964793041949
 85  18 -12.95606994573637926749
 86  18 -12.80391674472682161934
 87  18 -11.86692562380403259681
 88  18 -12.38408835244891470495
 89  18 -11.21340962036953925463
 90  18 -11.12321663298687823840
 91  18 -10.58590912200807210297
 92  18 -10.05135310230792811126
 93  18 -9.63853948190614140401
 94  18 -9.52907785172634902437
 95  18 -9.69497036673140932805
 96  18 -9.94041767799089370783
 97  18 -8.68763553842251923243
 98  18 -8.34999206468215682264
 99  18 -9.76653594125832213990
100  18 -7.96028838018625517492
  0  19 -16.26069039806847627005
  1  19 -17.28575303224036474603
  2  19 -16.41255991262545776976
  3  19 -16.54257595811457548507
  4  19 -16.06599481481420710338
  5  19 -15.78309280221975186009
  6  19 -15.93186500043076136990
  7  19 -15.78937216145636668330
  8  19 -15.86267721958127729920
  9  19 -16.44570665003482545785
 10  19 -16.32992782183553259756
 11  19 -16.02158988904865921654
 12  19 -16.53395524704417951511
 13  19 -16.42086814753096746244
 14  19 -16.51102489359215752529
 15  19 -16.25477843417377954438
 16  19 -16.78005351891739849179
 17  19 -16.43558021198069241109
 18  19 -16.20868981610287562489
 19  19 -16.33443275374085956742
 20  19 -16.74393156556265793711
 21  19 -16.67001380377935504384
 22  19 -16.59949173762317187197
 23  19 -16.69202007942191556822
 24  19 -16.76546665362791088683
 25  19 -15.79288499714826876641
 26  19 -15.98038847225004488450
 27  19 -16.98107578692805574860
 28  19 -16.20256033903065784330
 29  19 -16.00073147016859209657
 30  19 -15.84785782555577249298
 31  19 -16.55113297289191010009
 32  19 -15.83099244415147666132
 33  19 -16.65360575507038731757
 34  19 -16.21205854116618638727
 35  19 -16.28926260853738838819
 36  19 -15.98554930716216482267
 37  19 -16.43301455974160418805
 38  19 -16.09373473474084903501
 39  19 -16.61958844356882636362
 40  19 -16.10965621242007017599
 41  19 -16.40017520853550792026
 42  19 -16.04386593329337884484
 43  19 -16.10453671265069885976
 44  19 -16.88477214010438842706
 45  19 -16.52593928489380203928
 46  19 -16.56334900122550379820
 47  19 -16.18922781130371646441
 48  19 -17.01753086062565145653
 49  19 -16.50480220066620162811
 50  19 -16.79342495488182152030
 51  19 -17.18619802126184836766
 52  19 -17.75859722870136891970
 53  19 -15.90048944200780312030
 54  19 -16.62440132538196024825
 55  19 -16.06245579234473197516
 56  19 -16.46585143538476714298
 57  19 -16.63523527035253835038
 58  19 -16.58314368557050499930
 59  19 -16.15856077755933384310
 60  19 -16.54511384690365360939
 61  19 -17.35869498283715728348
 62  19 -16.87369476892931530188
 63  19 -16.09961954020679897326
 64  19 -18.16457026072600200450
 65  19 -16.30953872503872403854
 66  19 -16.85819848057519010354
 67  19 -15.99374781768278452887
 68  19 -16.43307235725235670998
 69  19 -16.45154602949156341651
 70  19 -16.08681482591595823806
 71  19 -18.39508753171428878659
 72  19 -17.61016755710879877483
 73  19 -15.97525832995917838275
 74  19 -16.38396318168485876754
 75  19 -16.02368105970752054645
 76  19 -16.16876499246978227120
 77  19 -16.24398862618014405257
 78  19 -16.10756704989247722892
 79  19 -17.10612130186831691958
 80  19 -16.17714597954919852896
 81  19 -15.45614360529125796972
 82  19 -16.00449725400037692680
 83  19 -15.20102310648137056148
 84  19 -15.28693310147265194132
 85  19 -13.96809927622771319022
 86  19 -16.19712350199927897165
 87  19 -13.85885281825551373913
 88  19 -13.11001973697087130688
 89  19 -13.44233169283092621527
 90  19 -12.88486462500089402283
 91  19 -12.81714130598032674868
 92  19 -12.03648041034169224872
 93  19 -11.92537377466221215627
 94  19 -12.44655421022571850642
 95  19 -11.67305802080911547591
 96  19 -11.64347557097404362025
 97  19 -11.82963737023735184550
 98  19 -10.33422146429668941892
 99  19 -10.69233240208370716573
100  19 -10.37324611306850030701
  0  20 -16.26069039806847627005
  1  20 -17.28575303224036474603
  2  20 -16.41255991262545776976
  3  20 -16.54257595811457548507
  4  20 -16.06599481481420710338
  5  20 -15.78309280221975186009
  6  20 -15.93186500043076136990
  7  20 -15.78937216145636668330
  8  20 -15.86267721958127729920
  9  20 -16.44570665003482545785
 10  20 -16.32992782183553259756
 11  20 -16.02158988904865921654
 12  20 -16.53395524704417951511
 13  20 -16.42086814753096746244
 14  20 -16.51102489359215752529
 15  20 -16.25477843417377954438
 16  20 -16.78005351891739849179
 17  20 -16.43558021198069241109
 18  20 -16.20868981610287562489
 19  20 -16.33443275374085956742
 20  20 -16.74393156556265793711
 21  20 -16.67001380377935504384
 22  20 -16.59949173762317187197
 23  20 -16.69202007942191556822
 24  20 -16.76546665362791088683
 25  20 -15.79288499714826876641
 26  20 -15.98038847225004488450
 27  20 -16.98107578692805574860
 28  20 -16.20256033903065784330
 29  20 -16.00073147016859209657
 30  20 -15.84785782555577249298
 31  20 -16.55113297289191010009
 32  20 -15.83099244415147666132
 33  20 -16.65360575507038731757
 34  20 -16.21205854116618638727
 35  20 -16.28926260853738838819
 36  20 -15.98554930716216482267
 37  20 -16.43301455974160418805
 38  20 -16.09373473474084903501
 39  20 -16.61958844356882636362
 40  20 -16.10965621242007017599
 41  20 -16.40017520853550792026
 42  20 -16.04386593329337884484
 43  20 -16.10453671265069885976
 44  20 -16.88477214010438842706
 45  20 -16.52593928489380203928
 46  20 -16.56334900122550379820
 47  20 -16.18922781130371646441
 48  20 -17.01753086062565145653
 49  20 -16.50480220066620162811
 50  20 -16.79342495488182152030
 51  20 -17.18619802126184836766
 52  20 -17.75859722870136891970
 53  20 -15.90048944200780312030
 54  20 -16.62440132538196024825
 55  20 -16.06245579234473197516
 56  20 -16.46585143538476714298
 57  20 -16.63523527035253835038
 58  20 -16.58314368557050499930
 59  20 -16.15856077755933384310
 60  20 -16.54511384690365360939
 61  20 -17.35869498283715728348
 62  20 -16.87369476892931530188
 63  20 -16.09961954020679897326
 64  20 -18.16457026072600200450
 65  20 -16.30953872503872403854
 66  20 -16.85819848057519010354
 67  20 -15.99374781768278452887
 68  20 -16.43307235725235670998
 69  20 -16.45154602949156341651
 70  20 -16.08681482591595823806
 71  20 -18.39508753171428878659
 72  20 -17.61016755710879877483
 73  20 -15.97525832995917838275
 74  20 -16.38396318168485876754
 75  20 -16.02368105970752054645
 76  20 -16.16876499246978227120
 77  20 -16.24398862618014405257
 78  20 -16.10756704989247722892
 79  20 -17.10612130186831691958
 80  20 -16.34749454667387169593
 81  20 -16.44461764278078774737
 82  20 -16.00449725400037692680
 83  20 -16.76409409897046387528
 84  20 -16.09967259950352413966
 85  20 -15.94595381185685667447
 86  20 -15.77935055561887267572
 87  20 -16.64334977414576499655
 88  20 -15.42752427797251080221
 89  20 -15.88011090405082015309
 90  20 -14.72631233298804964704
 91  20 -14.43221272909253194427
 92  20 -14.29601583364155104050
 93  20 -14.28433236280872797863
 94  20 -13.64832488044950942196
 95  20 -13.58609611345823964257
 96  20 -13.18461834729052917226
 97  20 -13.62443842055294673798
 98  20 -12.06654459697610093372
 99  20 -12.83026233431925078321
100  20 -11.92820819383356578669
  0  21 -16.26069039806847627005
  1  21 -17.28575303224036474603
  2  21 -16.41255991262545776976
  3  21 -16.54257595811457548507
  4  21 -16.06599481481420710338
  5  21 -15.78309280221975186009
  6  21 -15.93186500043076136990
  7  21 -15.78937216145636668330
  8  21 -15.86267721958127729920
  9  21 -16.44570665003482545785
 10  21 -16.32992782183553259756
 11  21 -16.02158988904865921654
 12  21 -16.53395524704417951511
 13  21 -16.42086814753096746244
 14  21 -16.51102489359215752529
 15  21 -16.25477843417377954438
 16  21 -16.78005351891739849179
 17  21 -16.43558021198069241109
 18  21 -16.20868981610287562489
 19  21 -16.33443275374085956742
 20  21 -16.74393156556265793711
 21  21 -16.67001380377935504384
 22  21 -16.59949173762317187197
 23  21 -16.69202007942191556822
 24  21 -16.76546665362791088683
 25  21 -15.79288499714826876641
 26  21 -15.98038847225004488450
 27  21 -16.98107578692805574860
 28  21 -16.20256033903065784330
 29  21 -16.00073147016859209657
 30  21 -15.84785782555577249298
 31  21 -16.55113297289191010009
 32  21 -15.83099244415147666132
 33  21 -16.65360575507038731757
 34  21 -16.21205854116618638727
 35  21 -16.28926260853738838819
 36  21 -15.98554930716216482267
 37  21 -16.43301455974160418805
 38  21 -16.09373473474084903501
 39  21 -16.61958844356882636362
 40  21 -16.10965621242007017599
 41  21 -16.40017520853550792026
 42  21 -16.04386593329337884484
 43  21 -16.10453671265069885976
 44  21 -16.88477214010438842706
 45  21 -16.52593928489380203928
 46  21 -16.56334900122550379820
 47  21 -16.18922781130371646441
 48  21 -17.01753086062565145653
 49  21 -16.50480220066620162811
 50  21 -16.79342495488182152030
 51  21 -17.18619802126184836766
 52  21 -17.75859722870136891970
 53  21 -15.90048944200780312030
 54  21 -16.62440132538196024825
 55  21 -16.06245579234473197516
 56  21 -16.46585143538476714298
 57  21 -16.63523527035253835038
 58  21 -16.58314368557050499930
 59  21 -16.15856077755933384310
 60  21 -16.54511384690365360939
 61  21 -17.35869498283715728348
 62  21 -16.87369476892931530188
 63  21 -16.09961954020679897326
 64  21 -18.16457026072600200450
 65  21 -16.30953872503872403854
 66  21 -16.85819848057519010354
 67  21 -15.99374781768278452887
 68  21 -16.43307235725235670998
 69  21 -16.45154602949156341651
 70  21 -16.08681482591595823806
 71  21 -18.39508753171428878659
 72  21 -17.61016755710879877483
 73  21 -15.97525832995917838275
 74  21 -16.38396318168485876754
 75  21 -16.02368105970752054645
 76  21 -16.16876499246978227120
 77  21 -16.24398862618014405257
 78  21 -16.10756704989247722892
 79  21 -17.10612130186831691958
 80  21 -16.34749454667387169593
 81  21 -16.44461764278078774737
 82  21 -16.00449725400037692680
 83  21 -16.76409409897046387528
 84  21 -16.09967259950352413966
 85  21 -16.52511584061054250583
 86  21 -16.19712350199927897165
 87  21 -16.64334977414576499655
 88  21 -16.21284961967759485901
 89  21 -17.46202768622011447519
 90  21 -16.06469479029660973879
 91  21 -16.84143184808057114310
 92  21 -15.79404594464156730282
 93  21 -15.81543492890434698950
 94  21 -15.34784805945702679253
 95  21 -15.89149201998149152359
 96  21 -15.51476127338146326906
 97  21 -15.08817970728690305293
 98  21 -14.64526920423811340299
 99  21 -15.43719886451499156976
100  21 -15.23740770706164049386
  0  22 -16.26069039806847627005
  1  22 -17.28575303224036474603
  2  22 -16.41255991262545776976
  3  22 -16.54257595811457548507
  4  22 -16.06599481481420710338
  5  22 -15.78309280221975186009
  6  22 -15.93186500043076136990
  7  22 -15.78937216145636668330
  8  22 -15.86267721958127729920
  9  22 -16.44570665003482545785
 10  22 -16.32992782183553259756
 11  22 -16.02158988904865921654
 12  22 -16.53395524704417951511
 13  22 -16.42086814753096746244
 14  22 -16.51102489359215752529
 15  22 -16.25477843417377954438
 16  22 -16.78005351891739849179
 17  22 -16.43558021198069241109
 18  22 -16.20868981610287562489
 19  22 -16.33443275374085956742
 20  22 -16.74393156556265793711
 21  22 -16.67001380377935504384
 22  22 -16.59949173762317187197
 23  22 -16.69202007942191556822
 24  22 -16.76546665362791088683
 25  22 -15.79288499714826876641
 26  22 -15.98038847225004488450
 27  22 -16.98107578692805574860
 28  22 -16.20256033903065784330
 29  22 -16.00073147016859209657
 30  22 -15.84785782555577249298
 31  22 -16.55113297289191010009
 32  22 -15.83099244415147666132
 33  22 -16.65360575507038731757
 34  22 -16.21205854116618638727
 35  22 -16.28926260853738838819
 36  22 -15.98554930716216482267
 37  22 -16.43301455974160418805
 38  22 -16.09373473474084903501
 39  22 -16.61958844356882636362
 40  22 -16.10965621242007017599
 41  22 -16.40017520853550792026
 42  22 -16.04386593329337884484
 43  22 -16.10453671265069885976
 44  22 -16.88477214010438842706
 45  22 -16.52593928489380203928
 46  22 -16.56334900122550379820
 47  22 -16.18922781130371646441
 48  22 -17.01753086062565145653
 49  22 -16.50480220066620162811
 50  22 -16.79342495488182152030
 51  22 -17.18619802126184836766
 52  22 -17.75859722870136891970
 53  22 -15.90048944200780312030
 54  22 -16.62440132538196024825
 55  22 -16.06245579234473197516
 56  22 -16.46585143538476714298
 57  22 -16.63523527035253835038
 58  22 -16.58314368557050499930
 59  22 -16.15856077755933384310
 60  22 -16.54511384690365360939
 61  22 -17.35869498283715728348
 62  22 -16.87369476892931530188
 63  22 -16.09961954020679897326
 64  22 -18.16457026072600200450
 65  22 -16.30953872503872403854
 66  22 -16.85819848057519010354
 67  22 -15.99374781768278452887
 68  22 -16.43307235725235670998
 69  22 -16.45154602949156341651
 70  22 -16.08681482591595823806
 71  22 -18.39508753171428878659
 72  22 -17.61016755710879877483
 73  22 -15.97525832995917838275
 74  22 -16.38396318168485876754
 75  22 -16.02368105970752054645
 76  22 -16.16876499246978227120
 77  22 -16.24398862618014405257
 78  22 -16.10756704989247722892
 79  22 -17.10612130186831691958
 80  22 -16.34749454667387169593
 81  22 -16.44461764278078774737
 82  22 -16.00449725400037692680
 83  22 -16.76409409897046387528
 84  22 -16.09967259950352413966
 85  22 -16.52511584061054250583
 86  22 -16.19712350199927897165
 87  22 -16.64334977414576499655
 88  22 -16.21284961967759485901
 89  22 -17.46202768622011447519
 90  22 -16.06469479029660973879
 91  22 -16.84143184808057114310
 92  22 -16.48665564868222688233
 93  22 -17.33356742289274521340
 94  22 -15.85655693312743963475
 95  22 -16.45647147032743262685
 96  22 -16.24168557648839339436
 97  22 -17.58188282945079450315
 98  22 -16.13943321213979587014
 99  22 -16.23684272269739281569
100  22 -17.02107976665549671225
  0  23 -16.26069039806847627005
  1  23 -17.28575303224036474603
  2  23 -16.41255991262545776976
  3  23 -16.54257595811457548507
  4  23 -16.06599481481420710338
  5  23 -15.78309280221975186009
  6  23 -15.93186500043076136990
  7  23 -15.78937216145636668330
  8  23 -15.86267721958127729920
  9  23 -16.44570665003482545785
 10  23 -16.32992782183553259756
 11  23 -16.02158988904865921654
 12  23 -16.53395524704417951511
 13  23 -16.42086814753096746244
 14  23 -16.51102489359215752529
 15  23 -16.25477843417377954438
 16  23 -16.78005351891739849179
 17  23 -16.43558021198069241109
 18  23 -16.20868981610287562489
 19  23 -16.33443275374085956742
 20  23 -16.74393156556265793711
 21  23 -16.67001380377935504384
 22  23 -16.59949173762317187197
 23  23 -16.69202007942191556822
 24  23 -16.76546665362791088683
 25  23 -15.79288499714826876641
 26  23 -15.98038847225004488450
 27  23 -16.98107578692805574860
 28  23 -16.20256033903065784330
 29  23 -16.00073147016859209657
 30  23 -15.84785782555577249298
 31  23 -16.55113297289191010009
 32  23 -15.83099244415147666132
 33  23 -16.65360575507038731757
 34  23 -16.21205854116618638727
 35  23 -16.28926260853738838819
 36  23 -15.98554930716216482267
 37  23 -16.43301455974160418805
 38  23 -16.09373473474084903501
 39  23 -16.61958844356882636362
 40  23 -16.10965621242007017599
 41  23 -16.40017520853550792026
 42  23 -16.04386593329337884484
 43  23 -16.10453671265069885976
 44  23 -16.88477214010438842706
 45  23 -16.52593928489380203928
 46  23 -16.56334900122550379820
 47  23 -16.18922781130371646441
 48  23 -17.01753086062565145653
 49  23 -16.50480220066620162811
 50  23 -16.79342495488182152030
 51  23 -17.18619802126184836766
 52  23 -17.75859722870136891970
 53  23 -15.90048944200780312030
 54  23 -16.62440132538196024825
 55  23 -16.06245579234473197516
 56  23 -16.46585143538476714298
 57  23 -16.63523527035253835038
 58  23 -16.58314368557050499930
 59  23 -16.15856077755933384310
 60  23 -16.54511384690365360939
 61  23 -17.35869498283715728348
 62  23 -16.87369476892931530188
 63  23 -16.09961954020679897326
 64  23 -18.16457026072600200450
 65  23 -16.30953872503872403854
 66  23 -16.85819848057519010354
 67  23 -15.99374781768278452887
 68  23 -16.43307235725235670998
 69  23 -16.45154602949156341651
 70  23 -16.08681482591595823806
 71  23 -18.39508753171428878659
 72  23 -17.61016755710879877483
 73  23 -15.97525832995917838275
 74  23 -16.38396318168485876754
 75  23 -16.02368105970752054645
 76  23 -16.16876499246978227120
 77  23 -16.24398862618014405257
 78  23 -16.10756704989247722892
 79  23 -17.10612130186831691958
 80  23 -16.34749454667387169593
 81  23 -16.44461764278078774737
 82  23 -16.00449725400037692680
 83  23 -16.76409409897046387528
 84  23 -16.09967259950352413966
 85  23 -16.52511584061054250583
 86  23 -16.19712350199927897165
 87  23 -16.64334977414576499655
 88  23 -16.21284961967759485901
 89  23 -17.46202768622011447519
 90  23 -16.06469479029660973879
 91  23 -16.84143184808057114310
 92  23 -16.48665564868222688233
 93  23 -17.33356742289274521340
 94  23 -15.85655693312743963475
 95  23 -16.45647147032743262685
 96  23 -16.24168557648839339436
 97  23 -17.58188282945079450315
 98  23 -16.13943321213979587014
 99  23 -16.23684272269739281569
100  23 -17.02107976665549671225
  0  24 -16.26069039806847627005
  1  24 -17.28575303224036474603
  2  24 -16.41255991262545776976
  3  24 -16.54257595811457548507
  4  24 -16.06599481481420710338
  5  24 -15.78309280221975186009
  6  24 -15.93186500043076136990
  7  24 -15.78937216145636668330
  8  24 -15.86267721958127729920
  9  24 -16.44570665003482545785
 10  24 -16.32992782183553259756
 11  24 -16.02158988904865921654
 12  24 -16.53395524704417951511
 13  24 -16.42086814753096746244
 14  24 -16.51102489359215752529
 15  24 -16.25477843417377954438
 16  24 -16.78005351891739849179
 17  24 -16.43558021198069241109
 18  24 -16.20868981610287562489
 19  24 -16.33443275374085956742
 20  24 -16.74393156556265793711
 21  24 -16.67001380377935504384
 22  24 -16.59949173762317187197
 23  24 -16.69202007942191556822
 24  24 -16.76546665362791088683
 25  24 -15.79288499714826876641
 26  24 -15.98038847225004488450
 27  24 -16.98107578692805574860
 28  24 -16.20256033903065784330
 29  24 -16.00073147016859209657
 30  24 -15.84785782555577249298
 31  24 -16.55113297289191010009
 32  24 -15.83099244415147666132
 33  24 -16.65360575507038731757
 34  24 -16.21205854116618638727
 35  24 -16.28926260853738838819
 36  24 -15.98554930716216482267
 37  24 -16.43301455974160418805
 38  24 -16.09373473474084903501
 39  24 -16.61958844356882636362
 40  24 -16.10965621242007017599
 41  24 -16.40017520853550792026
 42  24 -16.04386593329337884484
 43  24 -16.10453671265069885976
 44  24 -16.88477214010438842706
 45  24 -16.52593928489380203928
 46  24 -16.56334900122550379820
 47  24 -16.18922781130371646441
 48  24 -17.01753086062565145653
 49  24 -16.50480220066620162811
 50  24 -16.79342495488182152030
 51  24 -17.18619802126184836766
 52  24 -17.75859722870136891970
 53  24 -15.90048944200780312030
 54  24 -16.62440132538196024825
 55  24 -16.06245579234473197516
 56  24 -16.46585143538476714298
 57  24 -16.63523527035253835038
 58  24 -16.58314368557050499930
 59  24 -16.15856077755933384310
 60  24 -16.54511384690365360939
 61  24 -17.35869498283715728348
 62  24 -16.87369476892931530188
 63  24 -16.09961954020679897326
 64  24 -18.16457026072600200450
 65  24 -16.30953872503872403854
 66  24 -16.85819848057519010354
 67  24 -15.99374781768278452887
 68  24 -16.43307235725235670998
 69  24 -16.45154602949156341651
 70  24 -16.08681482591595823806
 71  24 -18.39508753171428878659
 72  24 -17.61016755710879877483
 73  24 -15.97525832995917838275
 74  24 -16.38396318168485876754
 75  24 -16.02368105970752054645
 76  24 -16.16876499246978227120
 77  24 -16.24398862618014405257
 78  24 -16.10756704989247722892
 79  24 -17.10612130186831691958
 80  24 -16.34749454667387169593
 81  24 -16.44461764278078774737
 82  24 -16.00449725400037692680
 83  24 -16.76409409897046387528
 84  24 -16.09967259950352413966
 85  24 -16.52511584061054250583
 86  24 -16.19712350199927897165
 87  24 -16.64334977414576499655
 88  24 -16.21284961967759485901
 89  24 -17.46202768622011447519
 90  24 -16.06469479029660973879
 91  24 -16.84143184808057114310
 92  24 -16.48665564868222688233
 93  24 -17.33356742289274521340
 94  24 -15.85655693312743963475
 95  24 -16.45647147032743262685
 96  24 -16.24168557648839339436
 97  24 -17.58188282945079450315
 98  24 -16.13943321213979587014
 99  24 -16.23684272269739281569
100  24 -17.02107976665549671225
  0  25 -16.26069039806847627005
  1  25 -17.28575303224036474603
  2  25 -16.41255991262545776976
  3  25 -16.54257595811457548507
  4  25 -16.06599481481420710338
  5  25 -15.78309280221975186009
  6  25 -15.93186500043076136990
  7  25 -15.78937216145636668330
  8  25 -15.86267721958127729920
  9  25 -16.44570665003482545785
 10  25 -16.32992782183553259756
 11  25 -16.02158988904865921654
 12  25 -16.53395524704417951511
 13  25 -16.42086814753096746244
 14  25 -16.51102489359215752529
 15  25 -16.25477843417377954438
 16  25 -16.78005351891739849179
 17  25 -16.43558021198069241109
 18  25 -16.20868981610287562489
 19  25 -16.33443275374085956742
 20  25 -16.74393156556265793711
 21  25 -16.67001380377935504384
 22  25 -16.59949173762317187197
 23  25 -16.69202007942191556822
 24  25 -16.76546665362791088683
 25  25 -15.79288499714826876641
 26  25 -15.98038847225004488450
 27  25 -16.98107578692805574860
 28  25 -16.20256033903065784330
 29  25 -16.00073147016859209657
 30  25 -15.84785782555577249298
 31  25 -16.55113297289191010009
 32  25 -15.83099244415147666132
 33  25 -16.65360575507038731757
 34  25 -16.21205854116618638727
 35  25 -16.28926260853738838819
 36  25 -15.98554930716216482267
 37  25 -16.43301455974160418805
 38  25 -16.09373473474084903501
 39  25 -16.61958844356882636362
 40  25 -16.10965621242007017599
 41  25 -16.40017520853550792026
 42  25 -16.04386593329337884484
 43  25 -16.10453671265069885976
 44  25 -16.88477214010438842706
 45  25 -16.52593928489380203928
 46  25 -16.56334900122550379820
 47  25 -16.18922781130371646441
 48  25 -17.01753086062565145653
 49  25 -16.50480220066620162811
 50  25 -16.79342495488182152030
 51  25 -17.18619802126184836766
 52  25 -17.75859722870136891970
 53  25 -15.90048944200780312030
 54  25 -16.62440132538196024825
 55  25 -16.06245579234473197516
 56  25 -16.46585143538476714298
 57  25 -16.63523527035253835038
 58  25 -16.58314368557050499930
 59  25 -16.15856077755933384310
 60  25 -16.54511384690365360939
 61  25 -17.35869498283715728348
 62  25 -16.87369476892931530188
 63  25 -16.09961954020679897326
 64  25 -18.16457026072600200450
 65  25 -16.30953872503872403854
 66  25 -16.85819848057519010354
 67  25 -15.99374781768278452887
 68  25 -16.43307235725235670998
 69  25 -16.45154602949156341651
 70  25 -16.08681482591595823806
 71  25 -18.39508753171428878659
 72  25 -17.61016755710879877483
 73  25 -15.97525832995917838275
 74  25 -16.38396318168485876754
 75  25 -16.02368105970752054645
 76  25 -16.16876499246978227120
 77  25 -16.24398862618014405257
 78  25 -16.10756704989247722892
 79  25 -17.10612130186831691958
 80  25 -16.34749454667387169593
 81  25 -16.44461764278078774737
 82  25 -16.00449725400037692680
 83  25 -16.76409409897046387528
 84  25 -16.09967259950352413966
 85  25 -16.52511584061054250583
 86  25 -16.19712350199927897165
 87  25 -16.64334977414576499655
 88  25 -16.21284961967759485901
 89  25 -17.46202768622011447519
 90  25 -16.06469479029660973879
 91  25 -16.84143184808057114310
 92  25 -16.48665564868222688233
 93  25 -17.33356742289274521340
 94  25 -15.85655693312743963475
 95  25 -16.45647147032743262685
 96  25 -16.24168557648839339436
 97  25 -17.58188282945079450315
 98  25 -16.13943321213979587014
 99  25 -16.23684272269739281569
100  25 -17.02107976665549671225
  0  26 -16.26069039806847627005
  1  26 -17.28575303224036474603
  2  26 -16.41255991262545776976
  3  26 -16.54257595811457548507
  4  26 -16.06599481481420710338
  5  26 -15.78309280221975186009
  6  26 -15.93186500043076136990
  7  26 -15.78937216145636668330
  8  26 -15.86267721958127729920
  9  26 -16.44570665003482545785
 10  26 -16.32992782183553259756
 11  26 -16.02158988904865921654
 12  26 -16.53395524704417951511
 13  26 -16.42086814753096746244
 14  26 -16.51102489359215752529
 15  26 -16.25477843417377954438
 16  26 -16.78005351891739849179
 17  26 -16.43558021198069241109
 18  26 -16.20868981610287562489
 19  26 -16.33443275374085956742
 20  26 -16.74393156556265793711
 21  26 -16.67001380377935504384
 22  26 -16.59949173762317187197
 23  26 -16.69202007942191556822
 24  26 -16.76546665362791088683
 25  26 -15.79288499714826876641
 26  26 -15.98038847225004488450
 27  26 -16.98107578692805574860
 28  26 -16.20256033903065784330
 29  26 -16.00073147016859209657
 30  26 -15.84785782555577249298
 31  26 -16.55113297289191010009
 32  26 -15.83099244415147666132
 33  26 -16.65360575507038731757
 34  26 -16.21205854116618638727
 35  26 -16.28926260853738838819
 36  26 -15.98554930716216482267
 37  26 -16.43301455974160418805
 38  26 -16.09373473474084903501
 39  26 -16.61958844356882636362
 40  26 -16.10965621242007017599
 41  26 -16.40017520853550792026
 42  26 -16.04386593329337884484
 43  26 -16.10453671265069885976
 44  26 -16.88477214010438842706
 45  26 -16.52593928489380203928
 46  26 -16.56334900122550379820
 47  26 -16.18922781130371646441
 48  26 -17.01753086062565145653
 49  26 -16.50480220066620162811
 50  26 -16.79342495488182152030
 51  26 -17.18619802126184836766
 52  26 -17.75859722870136891970
 53  26 -15.90048944200780312030
 54  26 -16.62440132538196024825
 55  26 -16.06245579234473197516
 56  26 -16.46585143538476714298
 57  26 -16.63523527035253835038
 58  26 -16.58314368557050499930
 59  26 -16.15856077755933384310
 60  26 -16.54511384690365360939
 61  26 -17.35869498283715728348
 62  26 -16.87369476892931530188
 63  26 -16.09961954020679897326
 64  26 -18.16457026072600200450
 65  26 -16.30953872503872403854
 66  26 -16.85819848057519010354
 67  26 -15.99374781768278452887
 68  26 -16.43307235725235670998
 69  26 -16.45154602949156341651
 70  26 -16.08681482591595823806
 71  26 -18.39508753171428878659
 72  26 -17.61016755710879877483
 73  26 -15.97525832995917838275
 74  26 -16.38396318168485876754
 75  26 -16.02368105970752054645
 76  26 -16.16876499246978227120
 77  26 -16.24398862618014405257
 78  26 -16.10756704989247722892
 79  26 -17.10612130186831691958
 80  26 -16.34749454667387169593
 81  26 -16.44461764278078774737
 82  26 -16.00449725400037692680
 83  26 -16.76409409897046387528
 84  26 -16.09967259950352413966
 85  26 -16.52511584061054250583
 86  26 -16.19712350199927897165
 87  26 -16.64334977414576499655
 88  26 -16.21284961967759485901
 89  26 -17.46202768622011447519
 90  26 -16.06469479029660973879
 91  26 -16.84143184808057114310
 92  26 -16.48665564868222688233
 93  26 -17.33356742289274521340
 94  26 -15.85655693312743963475
 95  26 -16.45647147032743262685
 96  26 -16.24168557648839339436
 97  26 -17.58188282945079450315
 98  26 -16.13943321213979587014
 99  26 -16.23684272269739281569
100  26 -17.02107976665549671225
  0  27 -16.26069039806847627005
  1  27 -17.28575303224036474603
  2  27 -16.41255991262545776976
  3  27 -16.54257595811457548507
  4  27 -16.06599481481420710338
  5  27 -15.78309280221975186009
  6  27 -15.93186500043076136990
  7  27 -15.78937216145636668330
  8  27 -15.86267721958127729920
  9  27 -16.44570665003482545785
 10  27 -16.32992782183553259756
 11  27 -16.02158988904865921654
 12  27 -16.53395524704417951511
 13  27 -16.42086814753096746244
 14  27 -16.51102489359215752529
 15  27 -16.25477843417377954438
 16  27 -16.78005351891739849179
 17  27 -16.43558021198069241109
 18  27 -16.20868981610287562489
 19  27 -16.33443275374085956742
 20  27 -16.74393156556265793711
 21  27 -16.67001380377935504384
 22  27 -16.59949173762317187197
 23  27 -16.69202007942191556822
 24  27 -16.76546665362791088683
 25  27 -15.79288499714826876641
 26  27 -15.98038847225004488450
 27  27 -16.98107578692805574860
 28  27 -16.20256033903065784330
 29  27 -16.00073147016859209657
 30  27 -15.84785782555577249298
 31  27 -16.55113297289191010009
 32  27 -15.83099244415147666132
 33  27 -16.65360575507038731757
 34  27 -16.21205854116618638727
 35  27 -16.28926260853738838819
 36  27 -15.98554930716216482267
 37  27 -16.43301455974160418805
 38  27 -16.09373473474084903501
 39  27 -16.61958844356882636362
 40  27 -16.10965621242007017599
 41  27 -16.40017520853550792026
 42  27 -16.04386593329337884484
 43  27 -16.10453671265069885976
 44  27 -16.88477214010438842706
 45  27 -16.52593928489380203928
 46  27 -16.56334900122550379820
 47  27 -16.18922781130371646441
 48  27 -17.01753086062565145653
 49  27 -16.50480220066620162811
 50  27 -16.79342495488182152030
 51  27 -17.18619802126184836766
 52  27 -17.75859722870136891970
 53  27 -15.90048944200780312030
 54  27 -16.62440132538196024825
 55  27 -16.06245579234473197516
 56  27 -16.46585143538476714298
 57  27 -16.63523527035253835038
 58  27 -16.58314368557050499930
 59  27 -16.15856077755933384310
 60  27 -16.54511384690365360939
 61  27 -17.35869498283715728348
 62  27 -16.87369476892931530188
 63  27 -16.09961954020679897326
 64  27 -18.16457026072600200450
 65  27 -16.30953872503872403854
 66  27 -16.85819848057519010354
 67  27 -15.99374781768278452887
 68  27 -16.43307235725235670998
 69  27 -16.45154602949156341651
 70  27 -16.08681482591595823806
 71  27 -18.39508753171428878659
 72  27 -17.61016755710879877483
 73  27 -15.97525832995917838275
 74  27 -16.38396318168485876754
 75  27 -16.02368105970752054645
 76  27 -16.16876499246978227120
 77  27 -16.24398862618014405257
 78  27 -16.10756704989247722892
 79  27 -17.10612130186831691958
 80  27 -16.34749454667387169593
 81  27 -16.44461764278078774737
 82  27 -16.00449725400037692680
 83  27 -16.76409409897046387528
 84  27 -16.09967259950352413966
 85  27 -16.52511584061054250583
 86  27 -16.19712350199927897165
 87  27 -16.64334977414576499655
 88  27 -16.21284961967759485901
 89  27 -17.46202768622011447519
 90  27 -16.06469479029660973879
 91  27 -16.84143184808057114310
 92  27 -16.48665564868222688233
 93  27 -17.33356742289274521340
 94  27 -15.85655693312743963475
 95  27 -16.45647147032743262685
 96  27 -16.24168557648839339436
 97  27 -17.58188282945079450315
 98  27 -16.13943321213979587014
 99  27 -16.23684272269739281569
100  27 -17.02107976665549671225
  0  28 -16.26069039806847627005
  1  28 -17.28575303224036474603
  2  28 -16.41255991262545776976
  3  28 -16.54257595811457548507
  4  28 -16.06599481481420710338
  5  28 -15.78309280221975186009
  6  28 -15.93186500043076136990
  7  28 -15.78937216145636668330
  8  28 -15.86267721958127729920
  9  28 -16.44570665003482545785
 10  28 -16.32992782183553259756
 11  28 -16.02158988904865921654
 12  28 -16.53395524704417951511
 13  28 -16.42086814753096746244
 14  28 -16.51102489359215752529
 15  28 -16.25477843417377954438
 16  28 -16.78005351891739849179
 17  28 -16.43558021198069241109
 18  28 -16.20868981610287562489
 19  28 -16.33443275374085956742
 20  28 -16.74393156556265793711
 21  28 -16.67001380377935504384
 22  28 -16.59949173762317187197
 23  28 -16.69202007942191556822
 24  28 -16.76546665362791088683
 25  28 -15.79288499714826876641
 26  28 -15.98038847225004488450
 27  28 -16.98107578692805574860
 28  28 -16.20256033903065784330
 29  28 -16.00073147016859209657
 30  28 -15.84785782555577249298
 31  28 -16.55113297289191010009
 32  28 -15.83099244415147666132
 33  28 -16.65360575507038731757
 34  28 -16.21205854116618638727
 35  28 -16.28926260853738838819
 36  28 -15.98554930716216482267
 37  28 -16.43301455974160418805
 38  28 -16.09373473474084903501
 39  28 -16.61958844356882636362
 40  28 -16.10965621242007017599
 41  28 -16.40017520853550792026
 42  28 -16.04386593329337884484
 43  28 -16.10453671265069885976
 44  28 -16.88477214010438842706
 45  28 -16.52593928489380203928
 46  28 -16.56334900122550379820
 47  28 -16.18922781130371646441
 48  28 -17.01753086062565145653
 49  28 -16.50480220066620162811
 50  28 -16.79342495488182152030
 51  28 -17.18619802126184836766
 52  28 -17.75859722870136891970
 53  28 -15.90048944200780312030
 54  28 -16.62440132538196024825
 55  28 -16.06245579234473197516
 56  28 -16.46585143538476714298
 57  28 -16.63523527035253835038
 58  28 -16.58314368557050499930
 59  28 -16.15856077755933384310
 60  28 -16.54511384690365360939
 61  28 -17.35869498283715728348
 62  28 -16.87369476892931530188
 63  28 -16.09961954020679897326
 64  28 -18.16457026072600200450
 65  28 -16.30953872503872403854
 66  28 -16.85819848057519010354
 67  28 -15.99374781768278452887
 68  28 -16.43307235725235670998
 69  28 -16.45154602949156341651
 70  28 -16.08681482591595823806
 71  28 -18.39508753171428878659
 72  28 -17.61016755710879877483
 73  28 -15.97525832995917838275
 74  28 -16.38396318168485876754
 75  28 -16.02368105970752054645
 76  28 -16.16876499246978227120
 77  28 -16.24398862618014405257
 78  28 -16.10756704989247722892
 79  28 -17.10612130186831691958
 80  28 -16.34749454667387169593
 81  28 -16.44461764278078774737
 82  28 -16.00449725400037692680
 83  28 -16.76409409897046387528
 84  28 -16.09967259950352413966
 85  28 -16.52511584061054250583
 86  28 -16.19712350199927897165
 87  28 -16.64334977414576499655
 88  28 -16.21284961967759485901
 89  28 -17.46202768622011447519
 90  28 -16.06469479029660973879
 91  28 -16.84143184808057114310
 92  28 -16.48665564868222688233
 93  28 -17.33356742289274521340
 94  28 -15.85655693312743963475
 95  28 -16.45647147032743262685
 96  28 -16.24168557648839339436
 97  28 -17.58188282945079450315
 98  28 -16.13943321213979587014
 99  28 -16.23684272269739281569
100  28 -17.02107976665549671225
  0  29 -16.26069039806847627005
  1  29 -17.28575303224036474603
  2  29 -16.41255991262545776976
  3  29 -16.54257595811457548507
  4  29 -16.06599481481420710338
  5  29 -15.78309280221975186009
  6  29 -15.93186500043076136990
  7  29 -15.78937216145636668330
  8  29 -15.86267721958127729920
  9  29 -16.44570665003482545785
 10  29 -16.32992782183553259756
 11  29 -16.02158988904865921654
 12  29 -16.53395524704417951511
 13  29 -16.42086814753096746244
 14  29 -16.51102489359215752529
 15  29 -16.25477843417377954438
 16  29 -16.78005351891739849179
 17  29 -16.43558021198069241109
 18  29 -16.20868981610287562489
 19  29 -16.33443275374085956742
 20  29 -16.74393156556265793711
 21  29 -16.67001380377935504384
 22  29 -16.59949173762317187197
 23  29 -16.69202007942191556822
 24  29 -16.76546665362791088683
 25  29 -15.79288499714826876641
 26  29 -15.98038847225004488450
 27  29 -16.98107578692805574860
 28  29 -16.20256033903065784330
 29  29 -16.00073147016859209657
 30  29 -15.84785782555577249298
 31  29 -16.55113297289191010009
 32  29 -15.83099244415147666132
 33  29 -16.65360575507038731757
 34  29 -16.21205854116618638727
 35  29 -16.28926260853738838819
 36  29 -15.98554930716216482267
 37  29 -16.43301455974160418805
 38  29 -16.09373473474084903501
 39  29 -16.61958844356882636362
 40  29 -16.10965621242007017599
 41  29 -16.40017520853550792026
 42  29 -16.04386593329337884484
 43  29 -16.10453671265069885976
 44  29 -16.88477214010438842706
 45  29 -16.52593928489380203928
 46  29 -16.56334900122550379820
 47  29 -16.18922781130371646441
 48  29 -17.01753086062565145653
 49  29 -16.50480220066620162811
 50  29 -16.79342495488182152030
 51  29 -17.18619802126184836766
 52  29 -17.75859722870136891970
 53  29 -15.90048944200780312030
 54  29 -16.62440132538196024825
 55  29 -16.06245579234473197516
 56  29 -16.46585143538476714298
 57  29 -16.63523527035253835038
 58  29 -16.58314368557050499930
 59  29 -16.15856077755933384310
 60  29 -16.54511384690365360939
 61  29 -17.35869498283715728348
 62  29 -16.87369476892931530188
 63  29 -16.09961954020679897326
 64  29 -18.16457026072600200450
 65  29 -16.30953872503872403854
 66  29 -16.85819848057519010354
 67  29 -15.99374781768278452887
 68  29 -16.43307235725235670998
 69  29 -16.45154602949156341651
 70  29 -16.08681482591595823806
 71  29 -18.39508753171428878659
 72  29 -17.61016755710879877483
 73  29 -15.97525832995917838275
 74  29 -16.38396318168485876754
 75  29 -16.02368105970752054645
 76  29 -16.16876499246978227120
 77  29 -16.24398862618014405257
 78  29 -16.10756704989247722892
 79  29 -17.10612130186831691958
 80  29 -16.34749454667387169593
 81  29 -16.44461764278078774737
 82  29 -16.00449725400037692680
 83  29 -16.76409409897046387528
 84  29 -16.09967259950352413966
 85  29 -16.52511584061054250583
 86  29 -16.19712350199927897165
 87  29 -16.64334977414576499655
 88  29 -16.21284961967759485901
 89  29 -17.46202768622011447519
 90  29 -16.06469479029660973879
 91  29 -16.84143184808057114310
 92  29 -16.48665564868222688233
 93  29 -17.33356742289274521340
 94  29 -15.85655693312743963475
 95  29 -16.45647147032743262685
 96  29 -16.24168557648839339436
 97  29 -17.58188282945079450315
 98  29 -16.13943321213979587014
 99  29 -16.23684272269739281569
100  29 -17.02107976665549671225
  0  30 -16.26069039806847627005
  1  30 -17.28575303224036474603
  2  30 -16.41255991262545776976
  3  30 -16.54257595811457548507
  4  30 -16.06599481481420710338
  5  30 -15.78309280221975186009
  6  30 -15.93186500043076136990
  7  30 -15.78937216145636668330
  8  30 -15.86267721958127729920
  9  30 -16.44570665003482545785
 10  30 -16.32992782183553259756
 11  30 -16.02158988904865921654
 12  30 -16.53395524704417951511
 13  30 -16.42086814753096746244
 14  30 -16.51102489359215752529
 15  30 -16.25477843417377954438
 16  30 -16.78005351891739849179
 17  30 -16.43558021198069241109
 18  30 -16.20868981610287562489
 19  30 -16.33443275374085956742
 20  30 -16.74393156556265793711
 21  30 -16.67001380377935504384
 22  30 -16.59949173762317187197
 23  30 -16.69202007942191556822
 24  30 -16.76546665362791088683
 25  30 -15.79288499714826876641
 26  30 -15.98038847225004488450
 27  30 -16.98107578692805574860
 28  30 -16.20256033903065784330
 29  30 -16.00073147016859209657
 30  30 -15.84785782555577249298
 31  30 -16.55113297289191010009
 32  30 -15.83099244415147666132
 33  30 -16.65360575507038731757
 34  30 -16.21205854116618638727
 35  30 -16.28926260853738838819
 36  30 -15.98554930716216482267
 37  30 -16.43301455974160418805
 38  30 -16.09373473474084903501
 39  30 -16.61958844356882636362
 40  30 -16.10965621242007017599
 41  30 -16.40017520853550792026
 42  30 -16.04386593329337884484
 43  30 -16.10453671265069885976
 44  30 -16.88477214010438842706
 45  30 -16.52593928489380203928
 46  30 -16.56334900122550379820
 47  30 -16.18922781130371646441
 48  30 -17.01753086062565145653
 49  30 -16.50480220066620162811
 50  30 -16.79342495488182152030
 51  30 -17.18619802126184836766
 52  30 -17.75859722870136891970
 53  30 -15.90048944200780312030
 54  30 -16.62440132538196024825
 55  30 -16.06245579234473197516
 56  30 -16.46585143538476714298
 57  30 -16.63523527035253835038
 58  30 -16.58314368557050499930
 59  30 -16.15856077755933384310
 60  30 -16.54511384690365360939
 61  30 -17.35869498283715728348
 62  30 -16.87369476892931530188
 63  30 -16.09961954020679897326
 64  30 -18.16457026072600200450
 65  30 -16.30953872503872403854
 66  30 -16.85819848057519010354
 67  30 -15.99374781768278452887
 68  30 -16.43307235725235670998
 69  30 -16.45154602949156341651
 70  30 -16.08681482591595823806
 71  30 -18.39508753171428878659
 72  30 -17.61016755710879877483
 73  30 -15.97525832995917838275
 74  30 -16.38396318168485876754
 75  30 -16.02368105970752054645
 76  30 -16.16876499246978227120
 77  30 -16.24398862618014405257
 78  30 -16.10756704989247722892
 79  30 -17.10612130186831691958
 80  30 -16.34749454667387169593
 81  30 -16.44461764278078774737
 82  30 -16.00449725400037692680
 83  30 -16.76409409897046387528
 84  30 -16.09967259950352413966
 85  30 -16.52511584061054250583
 86  30 -16.19712350199927897165
 87  30 -16.64334977414576499655
 88  30 -16.21284961967759485901
 89  30 -17.46202768622011447519
 90  30 -16.06469479029660973879
 91  30 -16.84143184808057114310
 92  30 -16.48665564868222688233
 93  30 -17.33356742289274521340
 94  30 -15.85655693312743963475
 95  30 -16.45647147032743262685
 96  30 -16.24168557648839339436
 97  30 -17.58188282945079450315
 98  30 -16.13943321213979587014
 99  30 -16.23684272269739281569
100  30 -17.02107976665549671225
